{
 "cells": [
  {
   "cell_type": "code",
   "execution_count": 30,
   "metadata": {},
   "outputs": [
    {
     "name": "stdout",
     "output_type": "stream",
     "text": [
      "326\n"
     ]
    }
   ],
   "source": [
    "import os\n",
    "import shutil\n",
    "import nibabel as nib\n",
    "import numpy as np\n",
    "from glob import glob\n",
    "import SimpleITK as sitk\n",
    "\n",
    "source = glob('/media/sc-mlsg/T7/Parkinson_data_copy/**/*.nii*')\n",
    "print(len(source))"
   ]
  },
  {
   "cell_type": "code",
   "execution_count": 34,
   "metadata": {
    "scrolled": true
   },
   "outputs": [
    {
     "name": "stdout",
     "output_type": "stream",
     "text": [
      "\n",
      "\n",
      "\n",
      "\n",
      "\n",
      "\n",
      "('P', 'I', 'L')\n",
      "T1.nii.gz\n",
      "('P', 'I', 'L')\n",
      "T2F.nii.gz\n",
      "\n",
      "\n",
      "\n",
      "('P', 'I', 'L')\n",
      "T1.nii.gz\n",
      "('P', 'I', 'L')\n",
      "T2F.nii.gz\n",
      "\n",
      "\n",
      "\n",
      "\n",
      "\n",
      "\n",
      "('P', 'I', 'L')\n",
      "T1.nii.gz\n",
      "('P', 'I', 'L')\n",
      "T2F.nii.gz\n",
      "\n",
      "\n",
      "\n",
      "\n",
      "\n",
      "('P', 'I', 'L')\n",
      "T2F.nii.gz\n",
      "\n",
      "\n",
      "\n",
      "('P', 'I', 'L')\n",
      "T1.nii.gz\n",
      "('P', 'I', 'L')\n",
      "T2F.nii.gz\n",
      "\n",
      "\n",
      "('L', 'I', 'P')\n",
      "T1.nii.gz\n",
      "\n",
      "\n",
      "\n",
      "('P', 'I', 'L')\n",
      "T2F.nii.gz\n",
      "\n",
      "('P', 'I', 'L')\n",
      "T1.nii.gz\n",
      "('P', 'I', 'L')\n",
      "T2F.nii.gz\n",
      "\n",
      "\n",
      "\n",
      "('P', 'I', 'L')\n",
      "T1.nii.gz\n",
      "('P', 'I', 'L')\n",
      "T2F.nii.gz\n",
      "\n",
      "\n",
      "\n",
      "\n",
      "\n",
      "('P', 'I', 'L')\n",
      "T1.nii.gz\n",
      "('P', 'I', 'L')\n",
      "T2F.nii.gz\n",
      "\n",
      "\n",
      "\n",
      "\n",
      "\n",
      "\n",
      "('P', 'I', 'L')\n",
      "T1.nii.gz\n",
      "('P', 'I', 'L')\n",
      "T2F.nii.gz\n",
      "\n",
      "\n",
      "\n",
      "('P', 'I', 'L')\n",
      "T2F.nii.gz\n",
      "\n",
      "\n",
      "('P', 'I', 'L')\n",
      "T1.nii.gz\n",
      "('P', 'I', 'L')\n",
      "T2F.nii.gz\n",
      "\n",
      "\n",
      "\n",
      "\n",
      "\n",
      "\n",
      "\n",
      "\n",
      "\n",
      "\n",
      "('P', 'I', 'L')\n",
      "T1.nii.gz\n",
      "('P', 'I', 'L')\n",
      "T2F.nii.gz\n",
      "\n",
      "\n",
      "\n",
      "\n",
      "\n",
      "\n",
      "\n",
      "\n",
      "\n",
      "('P', 'I', 'L')\n",
      "T2F.nii.gz\n",
      "\n",
      "\n",
      "\n",
      "\n",
      "\n",
      "\n",
      "\n",
      "\n",
      "\n",
      "\n",
      "\n",
      "\n",
      "\n",
      "('L', 'I', 'P')\n",
      "T1.nii.gz\n",
      "\n",
      "\n",
      "\n",
      "\n",
      "\n",
      "\n",
      "\n",
      "\n",
      "\n",
      "\n",
      "\n",
      "\n",
      "\n",
      "\n",
      "\n",
      "\n",
      "\n",
      "\n",
      "('L', 'I', 'P')\n",
      "T1.nii.gz\n",
      "\n",
      "\n",
      "\n",
      "\n",
      "\n",
      "\n",
      "\n",
      "('P', 'I', 'L')\n",
      "T1.nii.gz\n",
      "('P', 'I', 'L')\n",
      "T2F.nii.gz\n",
      "\n",
      "\n",
      "('P', 'I', 'L')\n",
      "T1.nii.gz\n",
      "('P', 'I', 'L')\n",
      "T2F.nii.gz\n",
      "\n",
      "\n",
      "\n",
      "\n",
      "\n",
      "\n",
      "\n",
      "('P', 'I', 'L')\n",
      "T1.nii.gz\n",
      "('P', 'I', 'L')\n",
      "T2F.nii.gz\n",
      "\n",
      "('P', 'I', 'L')\n",
      "T1.nii.gz\n",
      "('P', 'I', 'L')\n",
      "T2F.nii.gz\n",
      "\n",
      "\n",
      "('P', 'I', 'L')\n",
      "T2F.nii.gz\n",
      "\n",
      "\n",
      "\n",
      "\n",
      "\n",
      "\n",
      "('L', 'I', 'P')\n",
      "T1.nii.gz\n",
      "\n",
      "\n",
      "\n",
      "\n",
      "\n",
      "\n",
      "\n",
      "\n",
      "\n",
      "\n",
      "\n",
      "\n",
      "\n",
      "\n",
      "('P', 'I', 'L')\n",
      "T2F.nii.gz\n",
      "\n",
      "\n",
      "\n",
      "\n",
      "\n",
      "\n",
      "\n",
      "\n",
      "\n",
      "\n",
      "\n",
      "\n",
      "\n",
      "\n",
      "\n",
      "\n",
      "\n",
      "\n",
      "\n",
      "\n",
      "\n",
      "\n",
      "\n",
      "\n",
      "\n",
      "\n",
      "('P', 'I', 'L')\n",
      "T1.nii.gz\n",
      "('P', 'I', 'L')\n",
      "T2F.nii.gz\n",
      "\n",
      "\n",
      "\n",
      "\n",
      "\n",
      "\n",
      "\n",
      "\n",
      "\n",
      "\n",
      "\n",
      "('P', 'I', 'L')\n",
      "T1.nii.gz\n",
      "('P', 'I', 'L')\n",
      "T2F.nii.gz\n",
      "\n",
      "\n",
      "\n",
      "\n",
      "\n",
      "\n",
      "\n",
      "\n",
      "\n",
      "\n",
      "('P', 'I', 'L')\n",
      "T1.nii.gz\n",
      "('P', 'I', 'L')\n",
      "T2F.nii.gz\n",
      "\n",
      "\n",
      "\n",
      "\n",
      "('P', 'I', 'L')\n",
      "T1.nii.gz\n",
      "('P', 'I', 'L')\n",
      "T2F.nii.gz\n",
      "\n",
      "\n",
      "\n",
      "\n",
      "('P', 'I', 'L')\n",
      "T1.nii.gz\n",
      "('P', 'I', 'L')\n",
      "T2F.nii.gz\n",
      "\n",
      "\n",
      "\n",
      "\n",
      "\n",
      "\n",
      "\n",
      "\n",
      "\n",
      "\n",
      "\n",
      "('P', 'I', 'L')\n",
      "T1.nii.gz\n",
      "('P', 'I', 'L')\n",
      "T2F.nii.gz\n",
      "\n",
      "\n",
      "\n",
      "\n",
      "\n",
      "('P', 'I', 'L')\n",
      "T1.nii.gz\n",
      "('P', 'I', 'L')\n",
      "T2F.nii.gz\n",
      "\n",
      "\n",
      "\n",
      "\n",
      "\n",
      "\n",
      "\n",
      "\n",
      "\n",
      "\n",
      "\n",
      "\n",
      "\n",
      "\n",
      "\n",
      "\n",
      "\n",
      "\n",
      "\n",
      "\n",
      "\n",
      "\n",
      "\n",
      "\n",
      "\n",
      "\n",
      "\n",
      "\n",
      "\n",
      "\n",
      "('P', 'I', 'L')\n",
      "T1.nii.gz\n",
      "('P', 'I', 'L')\n",
      "T2F.nii.gz\n",
      "\n",
      "\n",
      "\n",
      "\n",
      "\n",
      "\n",
      "\n",
      "\n",
      "\n",
      "\n",
      "\n",
      "\n",
      "\n",
      "\n",
      "\n",
      "\n",
      "\n",
      "\n",
      "('L', 'I', 'P')\n",
      "T1.nii.gz\n",
      "\n",
      "\n",
      "\n",
      "('P', 'I', 'L')\n",
      "T1.nii.gz\n",
      "('P', 'I', 'L')\n",
      "T2F.nii.gz\n",
      "\n",
      "\n",
      "\n",
      "('P', 'I', 'L')\n",
      "T1.nii.gz\n",
      "('P', 'I', 'L')\n",
      "T2F.nii.gz\n",
      "\n",
      "\n",
      "\n",
      "\n",
      "\n",
      "\n",
      "\n",
      "\n",
      "\n",
      "\n",
      "\n",
      "\n",
      "('P', 'I', 'L')\n",
      "T1.nii.gz\n",
      "('P', 'I', 'L')\n",
      "T2F.nii.gz\n",
      "\n",
      "('P', 'I', 'L')\n",
      "T1.nii.gz\n",
      "('P', 'I', 'L')\n",
      "T2F.nii.gz\n",
      "\n",
      "('P', 'I', 'L')\n",
      "T1.nii.gz\n",
      "('P', 'I', 'L')\n",
      "T2F.nii.gz\n",
      "\n",
      "\n",
      "\n",
      "('P', 'I', 'L')\n",
      "T1.nii.gz\n",
      "('P', 'I', 'L')\n",
      "T2F.nii.gz\n",
      "\n",
      "('P', 'I', 'L')\n",
      "T1.nii.gz\n",
      "('P', 'I', 'L')\n",
      "T2F.nii.gz\n",
      "\n",
      "\n",
      "('P', 'I', 'L')\n",
      "T1.nii.gz\n",
      "('P', 'I', 'L')\n",
      "T2F.nii.gz\n",
      "\n",
      "('P', 'I', 'L')\n",
      "T1.nii.gz\n",
      "('P', 'I', 'L')\n",
      "T2F.nii.gz\n",
      "\n",
      "('P', 'I', 'L')\n",
      "T2F.nii.gz\n",
      "\n",
      "('P', 'I', 'L')\n",
      "T2F.nii.gz\n",
      "\n",
      "\n",
      "('P', 'I', 'L')\n",
      "T2F.nii.gz\n",
      "\n",
      "('P', 'I', 'L')\n",
      "T1.nii.gz\n",
      "('P', 'I', 'L')\n",
      "T2F.nii.gz\n",
      "\n",
      "('P', 'I', 'L')\n",
      "T2F.nii.gz\n",
      "\n",
      "('P', 'I', 'L')\n",
      "T1.nii.gz\n",
      "('P', 'I', 'L')\n",
      "T2F.nii.gz\n",
      "\n",
      "('P', 'I', 'L')\n",
      "T1.nii.gz\n",
      "('P', 'I', 'L')\n",
      "T2F.nii.gz\n",
      "\n",
      "('P', 'I', 'L')\n",
      "T1.nii.gz\n",
      "('P', 'I', 'L')\n",
      "T2F.nii.gz\n",
      "\n",
      "('P', 'I', 'L')\n",
      "T2F.nii.gz\n",
      "\n",
      "('P', 'I', 'L')\n",
      "T1.nii.gz\n",
      "('P', 'I', 'L')\n",
      "T2F.nii.gz\n",
      "\n",
      "('P', 'I', 'L')\n",
      "T1.nii.gz\n",
      "('P', 'I', 'L')\n",
      "T2F.nii.gz\n",
      "\n",
      "\n",
      "('P', 'I', 'L')\n",
      "T1.nii.gz\n",
      "('P', 'I', 'L')\n",
      "T2F.nii.gz\n",
      "\n",
      "\n",
      "('P', 'I', 'L')\n",
      "T1.nii.gz\n",
      "('P', 'I', 'L')\n",
      "T2F.nii.gz\n",
      "\n",
      "{'2837756', '3140501', '5120127', '5434215', '7977788', '2870096', '8403960', '8106080', '7649292', '5328768', '5585087', '5922216', '8122514', '7979586', '8119399', '2450151', '5354403', '8293319', '8064735', '2223305', '7960963', '7988665', '7990898', '2638793', '8226917', '5798878', '5881096', '8225876', '7242173', '7803007', '3963873', '4365705', '8082426', '2974367', '3375708', '6779695', '7958827', '7759921', '1831107', '7821429', '5767427', '7943298', '3157242', '5067132', '3563464', '2594254', '2816609', '3071718', '7941567', '8054712', '5294051', '8186725', '5906484', '7918223', '1531687'}\n"
     ]
    }
   ],
   "source": [
    "# check same patient has same img orientation\n",
    "PATH = '/media/sc-mlsg/T7/Parkinson_data_copy/'\n",
    "pt_lst = []\n",
    "for (path, dirs, files) in os.walk(PATH):\n",
    "    if files != []:\n",
    "        pt = path.split(os.path.sep)[-1]\n",
    "        for file in files:\n",
    "            # load img\n",
    "            img = nib.load(os.path.join(path, file))\n",
    "           # print(file)\n",
    "            if nib.aff2axcodes(img.affine) != ('L', 'P', 'S'):\n",
    "                print(nib.aff2axcodes(img.affine))            \n",
    "                print(file)\n",
    "                pt_lst.append(pt)\n",
    "    print()\n",
    "\n",
    "print(set(pt_lst))\n"
   ]
  },
  {
   "cell_type": "code",
   "execution_count": 2,
   "metadata": {
    "scrolled": true
   },
   "outputs": [
    {
     "name": "stdout",
     "output_type": "stream",
     "text": [
      "\n"
     ]
    },
    {
     "ename": "FileNotFoundError",
     "evalue": "No such file or no access: '/home/sc-mlsg/Downloads/20210422_IDHwtLGG_re_added_preprocessed/TCGA/00_Tumor_masks_resampled/8403960/8403960_mask.nii.gz'",
     "output_type": "error",
     "traceback": [
      "\u001b[0;31m---------------------------------------------------------------------------\u001b[0m",
      "\u001b[0;31mFileNotFoundError\u001b[0m                         Traceback (most recent call last)",
      "\u001b[0;32m~/anaconda3/lib/python3.7/site-packages/nibabel/loadsave.py\u001b[0m in \u001b[0;36mload\u001b[0;34m(filename, **kwargs)\u001b[0m\n\u001b[1;32m     41\u001b[0m     \u001b[0;32mtry\u001b[0m\u001b[0;34m:\u001b[0m\u001b[0;34m\u001b[0m\u001b[0;34m\u001b[0m\u001b[0m\n\u001b[0;32m---> 42\u001b[0;31m         \u001b[0mstat_result\u001b[0m \u001b[0;34m=\u001b[0m \u001b[0mos\u001b[0m\u001b[0;34m.\u001b[0m\u001b[0mstat\u001b[0m\u001b[0;34m(\u001b[0m\u001b[0mfilename\u001b[0m\u001b[0;34m)\u001b[0m\u001b[0;34m\u001b[0m\u001b[0;34m\u001b[0m\u001b[0m\n\u001b[0m\u001b[1;32m     43\u001b[0m     \u001b[0;32mexcept\u001b[0m \u001b[0mOSError\u001b[0m\u001b[0;34m:\u001b[0m\u001b[0;34m\u001b[0m\u001b[0;34m\u001b[0m\u001b[0m\n",
      "\u001b[0;31mFileNotFoundError\u001b[0m: [Errno 2] No such file or directory: '/home/sc-mlsg/Downloads/20210422_IDHwtLGG_re_added_preprocessed/TCGA/00_Tumor_masks_resampled/8403960/8403960_mask.nii.gz'",
      "\nDuring handling of the above exception, another exception occurred:\n",
      "\u001b[0;31mFileNotFoundError\u001b[0m                         Traceback (most recent call last)",
      "\u001b[0;32m<ipython-input-2-8c551550ae15>\u001b[0m in \u001b[0;36m<module>\u001b[0;34m\u001b[0m\n\u001b[1;32m      5\u001b[0m     \u001b[0;32mif\u001b[0m \u001b[0mfiles\u001b[0m \u001b[0;34m!=\u001b[0m \u001b[0;34m[\u001b[0m\u001b[0;34m]\u001b[0m\u001b[0;34m:\u001b[0m\u001b[0;34m\u001b[0m\u001b[0;34m\u001b[0m\u001b[0m\n\u001b[1;32m      6\u001b[0m         \u001b[0mpt\u001b[0m \u001b[0;34m=\u001b[0m \u001b[0mpath\u001b[0m\u001b[0;34m.\u001b[0m\u001b[0msplit\u001b[0m\u001b[0;34m(\u001b[0m\u001b[0mos\u001b[0m\u001b[0;34m.\u001b[0m\u001b[0mpath\u001b[0m\u001b[0;34m.\u001b[0m\u001b[0msep\u001b[0m\u001b[0;34m)\u001b[0m\u001b[0;34m[\u001b[0m\u001b[0;34m-\u001b[0m\u001b[0;36m1\u001b[0m\u001b[0;34m]\u001b[0m\u001b[0;34m\u001b[0m\u001b[0;34m\u001b[0m\u001b[0m\n\u001b[0;32m----> 7\u001b[0;31m         \u001b[0mmask\u001b[0m \u001b[0;34m=\u001b[0m \u001b[0mnib\u001b[0m\u001b[0;34m.\u001b[0m\u001b[0mload\u001b[0m\u001b[0;34m(\u001b[0m\u001b[0mos\u001b[0m\u001b[0;34m.\u001b[0m\u001b[0mpath\u001b[0m\u001b[0;34m.\u001b[0m\u001b[0mjoin\u001b[0m\u001b[0;34m(\u001b[0m\u001b[0mmaskPATH\u001b[0m\u001b[0;34m,\u001b[0m \u001b[0mpt\u001b[0m\u001b[0;34m,\u001b[0m \u001b[0;34m'{}_mask.nii.gz'\u001b[0m\u001b[0;34m.\u001b[0m\u001b[0mformat\u001b[0m\u001b[0;34m(\u001b[0m\u001b[0mpt\u001b[0m\u001b[0;34m)\u001b[0m\u001b[0;34m)\u001b[0m\u001b[0;34m)\u001b[0m\u001b[0;34m\u001b[0m\u001b[0;34m\u001b[0m\u001b[0m\n\u001b[0m\u001b[1;32m      8\u001b[0m         \u001b[0msitk_img\u001b[0m \u001b[0;34m=\u001b[0m \u001b[0msitk\u001b[0m\u001b[0;34m.\u001b[0m\u001b[0mReadImage\u001b[0m\u001b[0;34m(\u001b[0m\u001b[0mos\u001b[0m\u001b[0;34m.\u001b[0m\u001b[0mpath\u001b[0m\u001b[0;34m.\u001b[0m\u001b[0mjoin\u001b[0m\u001b[0;34m(\u001b[0m\u001b[0mmaskPATH\u001b[0m\u001b[0;34m,\u001b[0m \u001b[0mpt\u001b[0m\u001b[0;34m,\u001b[0m \u001b[0;34m'{}_mask.nii.gz'\u001b[0m\u001b[0;34m.\u001b[0m\u001b[0mformat\u001b[0m\u001b[0;34m(\u001b[0m\u001b[0mpt\u001b[0m\u001b[0;34m)\u001b[0m\u001b[0;34m)\u001b[0m\u001b[0;34m)\u001b[0m\u001b[0;34m\u001b[0m\u001b[0;34m\u001b[0m\u001b[0m\n\u001b[1;32m      9\u001b[0m         \u001b[0mmask_dirc\u001b[0m \u001b[0;34m=\u001b[0m \u001b[0mnp\u001b[0m\u001b[0;34m.\u001b[0m\u001b[0marray\u001b[0m\u001b[0;34m(\u001b[0m\u001b[0msitk_img\u001b[0m\u001b[0;34m.\u001b[0m\u001b[0mGetDirection\u001b[0m\u001b[0;34m(\u001b[0m\u001b[0;34m)\u001b[0m\u001b[0;34m)\u001b[0m\u001b[0;34m.\u001b[0m\u001b[0mreshape\u001b[0m\u001b[0;34m(\u001b[0m\u001b[0;36m3\u001b[0m\u001b[0;34m,\u001b[0m\u001b[0;36m3\u001b[0m\u001b[0;34m)\u001b[0m\u001b[0;34m\u001b[0m\u001b[0;34m\u001b[0m\u001b[0m\n",
      "\u001b[0;32m~/anaconda3/lib/python3.7/site-packages/nibabel/loadsave.py\u001b[0m in \u001b[0;36mload\u001b[0;34m(filename, **kwargs)\u001b[0m\n\u001b[1;32m     42\u001b[0m         \u001b[0mstat_result\u001b[0m \u001b[0;34m=\u001b[0m \u001b[0mos\u001b[0m\u001b[0;34m.\u001b[0m\u001b[0mstat\u001b[0m\u001b[0;34m(\u001b[0m\u001b[0mfilename\u001b[0m\u001b[0;34m)\u001b[0m\u001b[0;34m\u001b[0m\u001b[0;34m\u001b[0m\u001b[0m\n\u001b[1;32m     43\u001b[0m     \u001b[0;32mexcept\u001b[0m \u001b[0mOSError\u001b[0m\u001b[0;34m:\u001b[0m\u001b[0;34m\u001b[0m\u001b[0;34m\u001b[0m\u001b[0m\n\u001b[0;32m---> 44\u001b[0;31m         \u001b[0;32mraise\u001b[0m \u001b[0mFileNotFoundError\u001b[0m\u001b[0;34m(\u001b[0m\u001b[0;34m\"No such file or no access: '%s'\"\u001b[0m \u001b[0;34m%\u001b[0m \u001b[0mfilename\u001b[0m\u001b[0;34m)\u001b[0m\u001b[0;34m\u001b[0m\u001b[0;34m\u001b[0m\u001b[0m\n\u001b[0m\u001b[1;32m     45\u001b[0m     \u001b[0;32mif\u001b[0m \u001b[0mstat_result\u001b[0m\u001b[0;34m.\u001b[0m\u001b[0mst_size\u001b[0m \u001b[0;34m<=\u001b[0m \u001b[0;36m0\u001b[0m\u001b[0;34m:\u001b[0m\u001b[0;34m\u001b[0m\u001b[0;34m\u001b[0m\u001b[0m\n\u001b[1;32m     46\u001b[0m         \u001b[0;32mraise\u001b[0m \u001b[0mImageFileError\u001b[0m\u001b[0;34m(\u001b[0m\u001b[0;34m\"Empty file: '%s'\"\u001b[0m \u001b[0;34m%\u001b[0m \u001b[0mfilename\u001b[0m\u001b[0;34m)\u001b[0m\u001b[0;34m\u001b[0m\u001b[0;34m\u001b[0m\u001b[0m\n",
      "\u001b[0;31mFileNotFoundError\u001b[0m: No such file or no access: '/home/sc-mlsg/Downloads/20210422_IDHwtLGG_re_added_preprocessed/TCGA/00_Tumor_masks_resampled/8403960/8403960_mask.nii.gz'"
     ]
    }
   ],
   "source": [
    "# check is tumor mask orientation match img orientation\n",
    "PATH = '/media/sc-mlsg/T7/Parkinson_data_copy/'\n",
    "maskPATH = '/home/sc-mlsg/Downloads/20210422_IDHwtLGG_re_added_preprocessed/TCGA/00_Tumor_masks_resampled/'\n",
    "pt_lst = []\n",
    "for (path, dirs, files) in os.walk(PATH):\n",
    "    if files != []:\n",
    "        pt = path.split(os.path.sep)[-1]\n",
    "        mask = nib.load(os.path.join(maskPATH, pt, '{}_mask.nii.gz'.format(pt)))\n",
    "        sitk_img = sitk.ReadImage(os.path.join(maskPATH, pt, '{}_mask.nii.gz'.format(pt)))\n",
    "        mask_dirc = np.array(sitk_img.GetDirection()).reshape(3,3)\n",
    "        print('mask_affine:', nib.aff2axcodes(mask.affine))\n",
    "\n",
    "        for file in files:\n",
    "            # load img\n",
    "            img = nib.load(os.path.join(path, file))\n",
    "           # print(file)\n",
    "            sitk_img = sitk.ReadImage(os.path.join(path, file))\n",
    "            if nib.aff2axcodes(mask.affine) != nib.aff2axcodes(img.affine):\n",
    "                print(file) \n",
    "                print('mask_affine:', nib.aff2axcodes(mask.affine))\n",
    "                print('mr_affine:', nib.aff2axcodes(img.affine))\n",
    "            if not np.array_equal(np.round(mask_dirc,5), np.round(np.array(sitk_img.GetDirection()).reshape(3,3),5)):\n",
    "                print(file)\n",
    "                print('mask_direction:\\n', np.array(sitk_img.GetDirection()).reshape(3,3))\n",
    "                print('mr_direction:\\n',np.array(sitk_img.GetDirection()).reshape(3,3))\n",
    "                pt_lst.append(pt)\n",
    "    print()\n",
    "\n",
    "print(set(pt_lst))\n"
   ]
  },
  {
   "cell_type": "code",
   "execution_count": 29,
   "metadata": {
    "scrolled": true
   },
   "outputs": [
    {
     "name": "stdout",
     "output_type": "stream",
     "text": [
      "('L', 'P', 'S')\n",
      "('L', 'P', 'S')\n",
      "('L', 'P', 'S')\n",
      "('L', 'P', 'S')\n",
      "('L', 'P', 'S')\n",
      "('L', 'P', 'S')\n",
      "('L', 'P', 'S')\n",
      "('L', 'P', 'S')\n",
      "('L', 'P', 'S')\n",
      "('L', 'P', 'S')\n",
      "('L', 'P', 'S')\n",
      "('L', 'P', 'S')\n",
      "('L', 'P', 'S')\n",
      "('L', 'P', 'S')\n",
      "('L', 'P', 'S')\n",
      "('L', 'P', 'S')\n",
      "('P', 'I', 'L')\n",
      "T1.nii.gz\n",
      "('P', 'I', 'L')\n",
      "[[-0.05390628  0.00515339  0.9985327 ]\n",
      " [ 0.98995183  0.13119115  0.05276596]\n",
      " [ 0.13072673 -0.9913437   0.01217363]]\n",
      "('P', 'S', 'L')\n",
      "[[-0.05390628 -0.00515334  0.9985327 ]\n",
      " [ 0.98995184 -0.1311911   0.05276597]\n",
      " [ 0.13072668  0.9913437   0.01217358]]\n",
      "('P', 'I', 'L')\n",
      "T2F.nii.gz\n",
      "('P', 'I', 'L')\n",
      "[[-0.05390628  0.00515338  0.99853268]\n",
      " [ 0.98995183  0.1311912   0.05276571]\n",
      " [ 0.13072678 -0.99134369  0.01217648]]\n",
      "('P', 'S', 'L')\n",
      "[[-0.05390637 -0.00515487  0.99853269]\n",
      " [ 0.98995183 -0.13119124  0.05276586]\n",
      " [ 0.13072674  0.99134368  0.01217511]]\n",
      "('L', 'P', 'S')\n",
      "('L', 'P', 'S')\n",
      "('L', 'P', 'S')\n",
      "('L', 'P', 'S')\n",
      "('L', 'P', 'S')\n",
      "('L', 'P', 'S')\n",
      "('L', 'P', 'S')\n",
      "('P', 'I', 'L')\n",
      "T1.nii.gz\n",
      "('P', 'I', 'L')\n",
      "[[-0.00612172  0.01813791  0.99981675]\n",
      " [ 0.99575412 -0.09172514  0.00776085]\n",
      " [-0.0918491  -0.99561916  0.01749938]]\n",
      "('P', 'S', 'L')\n",
      "[[-0.00612172 -0.01813784  0.99981675]\n",
      " [ 0.99575411  0.0917252   0.00776085]\n",
      " [-0.09184917  0.99561916  0.01749932]]\n",
      "('P', 'I', 'L')\n",
      "T2F.nii.gz\n",
      "('P', 'I', 'L')\n",
      "[[-0.00612169  0.01813792  0.99981674]\n",
      " [ 0.99575412 -0.09172513  0.00776101]\n",
      " [-0.0918491  -0.99561916  0.01749992]]\n",
      "('P', 'S', 'L')\n",
      "[[-0.00612171 -0.01813808  0.99981675]\n",
      " [ 0.99575411  0.09172521  0.00776086]\n",
      " [-0.09184916  0.99561915  0.01749955]]\n",
      "('L', 'P', 'S')\n",
      "('L', 'P', 'S')\n",
      "('L', 'P', 'S')\n",
      "('L', 'P', 'S')\n",
      "('L', 'P', 'S')\n",
      "('L', 'P', 'S')\n",
      "('L', 'P', 'S')\n",
      "('L', 'P', 'S')\n",
      "('L', 'P', 'S')\n",
      "('L', 'P', 'S')\n",
      "('L', 'P', 'S')\n",
      "('L', 'P', 'S')\n",
      "('L', 'P', 'S')\n",
      "('L', 'P', 'S')\n",
      "('L', 'P', 'S')\n",
      "('L', 'P', 'S')\n",
      "('P', 'I', 'L')\n",
      "T1.nii.gz\n",
      "('P', 'I', 'L')\n",
      "[[-1.03991757e-02  3.28436670e-02  9.99406399e-01]\n",
      " [ 9.99945927e-01  3.41582917e-04  1.03935637e-02]\n",
      " [ 1.74058429e-08 -9.99460443e-01  3.28454413e-02]]\n",
      "('P', 'S', 'L')\n",
      "[[-1.03991757e-02 -3.28436691e-02  9.99406399e-01]\n",
      " [ 9.99945927e-01 -3.41585677e-04  1.03935637e-02]\n",
      " [ 2.01581728e-08  9.99460443e-01  3.28454450e-02]]\n",
      "('P', 'I', 'L')\n",
      "T2F.nii.gz\n",
      "('P', 'I', 'L')\n",
      "[[-1.03992167e-02  3.28436228e-02  9.99406426e-01]\n",
      " [ 9.99945927e-01  3.41566449e-04  1.03936356e-02]\n",
      " [-4.61621621e-12 -9.99460444e-01  3.28445914e-02]]\n",
      "('P', 'S', 'L')\n",
      "[[-1.03991831e-02 -3.28431986e-02  9.99406414e-01]\n",
      " [ 9.99945927e-01 -3.41591047e-04  1.03935710e-02]\n",
      " [ 3.01375312e-08  9.99460458e-01  3.28449767e-02]]\n",
      "('L', 'P', 'S')\n",
      "('L', 'P', 'S')\n",
      "('L', 'P', 'S')\n",
      "('L', 'P', 'S')\n",
      "('L', 'P', 'S')\n",
      "('L', 'P', 'S')\n",
      "('L', 'P', 'S')\n",
      "('L', 'P', 'S')\n",
      "('L', 'P', 'S')\n",
      "('L', 'P', 'S')\n",
      "('L', 'P', 'S')\n",
      "('L', 'P', 'S')\n",
      "('L', 'P', 'S')\n",
      "('L', 'P', 'S')\n",
      "('P', 'I', 'L')\n",
      "T2F.nii.gz\n",
      "('P', 'I', 'L')\n",
      "[[ 0.00125639  0.044156    0.99902384]\n",
      " [ 0.99959545 -0.02844187  0.        ]\n",
      " [-0.02841411 -0.9986197   0.04417421]]\n",
      "('P', 'S', 'L')\n",
      "[[ 1.25629841e-03 -4.41561816e-02  9.99023850e-01]\n",
      " [ 9.99595451e-01  2.84417669e-02  8.96234071e-08]\n",
      " [-2.84140070e-02  9.98619696e-01  4.41740487e-02]]\n",
      "('L', 'P', 'S')\n",
      "('L', 'P', 'S')\n",
      "('L', 'P', 'S')\n",
      "('L', 'P', 'S')\n",
      "('L', 'P', 'S')\n",
      "('L', 'P', 'S')\n",
      "('L', 'P', 'S')\n",
      "('P', 'I', 'L')\n",
      "T1.nii.gz\n",
      "('P', 'I', 'L')\n",
      "[[ 0.07782925  0.0068696   0.99694304]\n",
      " [ 0.99665209 -0.02565587 -0.07762975]\n",
      " [-0.02504416 -0.99964723  0.00884338]]\n",
      "('P', 'S', 'L')\n",
      "[[ 0.07782925 -0.0068696   0.99694304]\n",
      " [ 0.99665209  0.02565588 -0.07762975]\n",
      " [-0.02504417  0.99964723  0.00884337]]\n",
      "('P', 'I', 'L')\n",
      "T2F.nii.gz\n",
      "('P', 'I', 'L')\n",
      "[[ 0.07782924  0.00686959  0.99694298]\n",
      " [ 0.9966521  -0.02565588 -0.07763059]\n",
      " [-0.02504417 -0.99964723  0.00884242]]\n",
      "('P', 'S', 'L')\n",
      "[[ 0.07782973 -0.00686903  0.996943  ]\n",
      " [ 0.99665205  0.02565594 -0.07763025]\n",
      " [-0.02504427  0.99964723  0.00884283]]\n",
      "('L', 'P', 'S')\n",
      "('L', 'P', 'S')\n",
      "('L', 'P', 'S')\n",
      "('L', 'I', 'P')\n",
      "T1.nii.gz\n",
      "('L', 'I', 'P')\n",
      "[[ 0.99547868  0.09003898  0.03025205]\n",
      " [-0.02892921 -0.01596113  0.99945402]\n",
      " [ 0.09047268 -0.99581034 -0.01328421]]\n",
      "('L', 'S', 'P')\n",
      "[[ 0.99547868 -0.09003898  0.03025204]\n",
      " [-0.0289292   0.01596113  0.99945402]\n",
      " [ 0.09047269  0.99581034 -0.01328421]]\n",
      "('L', 'P', 'S')\n",
      "('L', 'P', 'S')\n",
      "('L', 'P', 'S')\n",
      "('L', 'P', 'S')\n",
      "('L', 'P', 'S')\n",
      "('L', 'P', 'S')\n",
      "('L', 'P', 'S')\n",
      "('L', 'P', 'S')\n",
      "('L', 'P', 'S')\n",
      "('L', 'P', 'S')\n",
      "('P', 'I', 'L')\n",
      "T2F.nii.gz\n",
      "('P', 'I', 'L')\n",
      "[[ 0.02604561 -0.0090596   0.9996197 ]\n",
      " [ 0.94413473 -0.32840397 -0.02757648]\n",
      " [-0.32852891 -0.94449392 -0.        ]]\n",
      "('P', 'S', 'L')\n",
      "[[ 2.60458311e-02  9.05971475e-03  9.99619696e-01]\n",
      " [ 9.44134684e-01  3.28404068e-01 -2.75765085e-02]\n",
      " [-3.28529015e-01  9.44493880e-01 -3.37832450e-08]]\n",
      "('L', 'P', 'S')\n",
      "('P', 'I', 'L')\n",
      "T1.nii.gz\n",
      "('P', 'I', 'L')\n",
      "[[ 0.10804251  0.06336529  0.99212482]\n",
      " [ 0.98699252 -0.12634303 -0.09941429]\n",
      " [-0.11904864 -0.98996075  0.07619149]]\n",
      "('P', 'S', 'L')\n",
      "[[ 0.10804251 -0.06336523  0.99212482]\n",
      " [ 0.98699251  0.12634309 -0.09941429]\n",
      " [-0.11904871  0.98996074  0.07619143]]\n",
      "('P', 'I', 'L')\n",
      "T2F.nii.gz\n",
      "('P', 'I', 'L')\n",
      "[[ 0.10804247  0.06336523  0.99212521]\n",
      " [ 0.98699251 -0.12634315 -0.09941088]\n",
      " [-0.11904876 -0.98996074  0.07619086]]\n",
      "('P', 'S', 'L')\n",
      "[[ 0.10804081 -0.06336512  0.99212501]\n",
      " [ 0.98699267  0.12634318 -0.09941261]\n",
      " [-0.11904893  0.98996074  0.07619112]]\n",
      "('L', 'P', 'S')\n",
      "('L', 'P', 'S')\n",
      "('L', 'P', 'S')\n",
      "('L', 'P', 'S')\n",
      "('L', 'P', 'S')\n",
      "('L', 'P', 'S')\n",
      "('L', 'P', 'S')\n",
      "('P', 'I', 'L')\n",
      "T1.nii.gz\n",
      "('P', 'I', 'L')\n",
      "[[-0.00230288  0.00927172  0.99995436]\n",
      " [ 0.97514639 -0.2215198   0.00429971]\n",
      " [-0.22154957 -0.97511179  0.00853116]]\n",
      "('P', 'S', 'L')\n",
      "[[-0.00230293 -0.00927185  0.99995436]\n",
      " [ 0.97514641  0.22151976  0.00429978]\n",
      " [-0.22154951  0.9751118   0.00853126]]\n",
      "('P', 'I', 'L')\n",
      "T2F.nii.gz\n",
      "('P', 'I', 'L')\n",
      "[[-0.00230292  0.00927167  0.99995436]\n",
      " [ 0.97514637 -0.2215199   0.00430108]\n",
      " [-0.22154966 -0.97511177  0.0085311 ]]\n",
      "('P', 'S', 'L')\n",
      "[[-0.0023035  -0.00927176  0.99995436]\n",
      " [ 0.97514634  0.22152003  0.00430033]\n",
      " [-0.22154978  0.97511174  0.00853105]]\n",
      "('L', 'P', 'S')\n",
      "('L', 'P', 'S')\n",
      "('L', 'P', 'S')\n",
      "('L', 'P', 'S')\n",
      "('L', 'P', 'S')\n",
      "('L', 'P', 'S')\n",
      "('L', 'P', 'S')\n",
      "('L', 'P', 'S')\n",
      "('L', 'P', 'S')\n",
      "('L', 'P', 'S')\n",
      "('L', 'P', 'S')\n",
      "('L', 'P', 'S')\n",
      "('L', 'P', 'S')\n",
      "('P', 'I', 'L')\n",
      "T1.nii.gz\n",
      "('P', 'I', 'L')\n",
      "[[-0.05550626 -0.04497367  0.99744495]\n",
      " [ 0.98345117  0.17008956  0.06239668]\n",
      " [ 0.17246117 -0.9844018  -0.03478837]]\n",
      "('P', 'S', 'L')\n",
      "[[-0.05550631  0.0449737   0.99744494]\n",
      " [ 0.98345116 -0.17008959  0.06239673]\n",
      " [ 0.17246122  0.9844018  -0.03478839]]\n",
      "('P', 'I', 'L')\n",
      "T2F.nii.gz\n",
      "('P', 'I', 'L')\n",
      "[[-0.05550622 -0.04497373  0.99744492]\n",
      " [ 0.98345117  0.17008958  0.06239705]\n",
      " [ 0.17246119 -0.9844018  -0.03478843]]\n",
      "('P', 'S', 'L')\n",
      "[[-0.05550642  0.04497383  0.99744493]\n",
      " [ 0.98345115 -0.17008957  0.06239686]\n",
      " [ 0.17246122  0.98440179 -0.0347885 ]]\n",
      "('L', 'P', 'S')\n",
      "('L', 'P', 'S')\n",
      "('L', 'P', 'S')\n",
      "('L', 'P', 'S')\n",
      "('L', 'P', 'S')\n",
      "('L', 'P', 'S')\n",
      "('L', 'P', 'S')\n",
      "('L', 'P', 'S')\n",
      "('L', 'P', 'S')\n",
      "('L', 'P', 'S')\n",
      "('L', 'P', 'S')\n",
      "('L', 'P', 'S')\n",
      "('L', 'P', 'S')\n",
      "('L', 'P', 'S')\n",
      "('L', 'P', 'S')\n",
      "('L', 'P', 'S')\n",
      "('P', 'I', 'L')\n",
      "T1.nii.gz\n",
      "('P', 'I', 'L')\n",
      "[[ 0.07955318 -0.02738218  0.99645447]\n",
      " [ 0.99497922  0.06307728 -0.07770207]\n",
      " [ 0.06072598 -0.99763293 -0.0322627 ]]\n",
      "('P', 'S', 'L')\n",
      "[[ 0.07955324  0.02738216  0.99645446]\n",
      " [ 0.99497922 -0.06307724 -0.07770213]\n",
      " [ 0.06072595  0.99763294 -0.03226268]]\n",
      "('P', 'I', 'L')\n",
      "T2F.nii.gz\n",
      "('P', 'I', 'L')\n",
      "[[ 0.0795532  -0.02738222  0.99645443]\n",
      " [ 0.99497922  0.06307731 -0.07770232]\n",
      " [ 0.06072601 -0.99763293 -0.03226312]]\n",
      "('P', 'S', 'L')\n",
      "[[ 0.07955339  0.02738246  0.99645444]\n",
      " [ 0.9949792  -0.06307731 -0.07770226]\n",
      " [ 0.06072598  0.99763293 -0.03226299]]\n",
      "('L', 'P', 'S')\n",
      "('L', 'P', 'S')\n",
      "('L', 'P', 'S')\n",
      "('L', 'P', 'S')\n",
      "('L', 'P', 'S')\n",
      "('L', 'P', 'S')\n",
      "('L', 'P', 'S')\n",
      "('L', 'P', 'S')\n",
      "('P', 'I', 'L')\n",
      "T2F.nii.gz\n",
      "('P', 'I', 'L')\n",
      "[[-0.01975882  0.00676025  0.99978192]\n",
      " [ 0.94594814 -0.32364484  0.02088346]\n",
      " [-0.32371546 -0.94615449 -0.        ]]\n",
      "('P', 'S', 'L')\n",
      "[[-1.97589249e-02 -6.76027822e-03  9.99781918e-01]\n",
      " [ 9.45948141e-01  3.23644867e-01  2.08834012e-02]\n",
      " [-3.23715461e-01  9.46154479e-01 -1.58859770e-09]]\n",
      "('L', 'P', 'S')\n",
      "('L', 'P', 'S')\n",
      "('L', 'P', 'S')\n",
      "('L', 'P', 'S')\n",
      "('P', 'I', 'L')\n",
      "T1.nii.gz\n",
      "('P', 'I', 'L')\n",
      "[[-0.06024185  0.01185558  0.9981134 ]\n",
      " [ 0.99507014 -0.07820485  0.06098709]\n",
      " [-0.07878035 -0.99686681  0.00708593]]\n",
      "('P', 'S', 'L')\n",
      "[[-0.06024185 -0.0118556   0.9981134 ]\n",
      " [ 0.99507014  0.07820483  0.06098709]\n",
      " [-0.07878033  0.99686682  0.00708595]]\n"
     ]
    },
    {
     "name": "stdout",
     "output_type": "stream",
     "text": [
      "('P', 'I', 'L')\n",
      "T2F.nii.gz\n",
      "('P', 'I', 'L')\n",
      "[[-0.06024179  0.01185563  0.99811339]\n",
      " [ 0.99507014 -0.07820485  0.06098733]\n",
      " [-0.07878034 -0.99686681  0.00708584]]\n",
      "('P', 'S', 'L')\n",
      "[[-0.06024191 -0.01185554  0.9981134 ]\n",
      " [ 0.99507012  0.07820495  0.06098714]\n",
      " [-0.07878045  0.99686681  0.00708588]]\n",
      "('L', 'P', 'S')\n",
      "('L', 'P', 'S')\n",
      "('L', 'P', 'S')\n",
      "('L', 'P', 'S')\n",
      "('L', 'P', 'S')\n",
      "('L', 'P', 'S')\n",
      "('L', 'P', 'S')\n",
      "('L', 'P', 'S')\n",
      "('L', 'P', 'S')\n",
      "('L', 'P', 'S')\n",
      "('L', 'P', 'S')\n",
      "('L', 'P', 'S')\n",
      "('L', 'P', 'S')\n",
      "('L', 'P', 'S')\n",
      "('L', 'P', 'S')\n",
      "('L', 'P', 'S')\n",
      "('L', 'P', 'S')\n",
      "('L', 'P', 'S')\n",
      "('L', 'P', 'S')\n",
      "('L', 'P', 'S')\n",
      "('L', 'P', 'S')\n",
      "('L', 'P', 'S')\n",
      "('L', 'P', 'S')\n",
      "('L', 'P', 'S')\n",
      "('L', 'P', 'S')\n",
      "('L', 'P', 'S')\n",
      "('L', 'P', 'S')\n",
      "('L', 'P', 'S')\n",
      "('P', 'I', 'L')\n",
      "T1.nii.gz\n",
      "('P', 'I', 'L')\n",
      "[[ 0.08279077  0.01398759  0.99646878]\n",
      " [ 0.97620426 -0.2022358  -0.0782683 ]\n",
      " [-0.20042688 -0.97923696  0.03039801]]\n",
      "('P', 'S', 'L')\n",
      "[[ 0.08279077 -0.01398753  0.99646878]\n",
      " [ 0.97620424  0.20223587 -0.07826831]\n",
      " [-0.20042695  0.97923695  0.03039795]]\n",
      "('P', 'I', 'L')\n",
      "T2F.nii.gz\n",
      "('P', 'I', 'L')\n",
      "[[ 0.08279078  0.01398758  0.99646888]\n",
      " [ 0.97620425 -0.20223583 -0.07826684]\n",
      " [-0.2004269  -0.97923696  0.03039864]]\n",
      "('P', 'S', 'L')\n",
      "[[ 0.08279015 -0.01398804  0.99646883]\n",
      " [ 0.9762043   0.20223584 -0.07826759]\n",
      " [-0.20042691  0.97923695  0.03039832]]\n",
      "('L', 'P', 'S')\n",
      "('L', 'P', 'S')\n",
      "('L', 'P', 'S')\n",
      "('L', 'P', 'S')\n",
      "('L', 'P', 'S')\n",
      "('L', 'P', 'S')\n",
      "('L', 'P', 'S')\n",
      "('L', 'P', 'S')\n",
      "('L', 'P', 'S')\n",
      "('L', 'P', 'S')\n",
      "('L', 'P', 'S')\n",
      "('L', 'P', 'S')\n",
      "('L', 'P', 'S')\n",
      "('L', 'P', 'S')\n",
      "('L', 'P', 'S')\n",
      "('L', 'P', 'S')\n",
      "('L', 'P', 'S')\n",
      "('L', 'P', 'S')\n",
      "('L', 'P', 'S')\n",
      "('L', 'P', 'S')\n",
      "('L', 'P', 'S')\n",
      "('L', 'P', 'S')\n",
      "('L', 'P', 'S')\n",
      "('L', 'P', 'S')\n",
      "('L', 'P', 'S')\n",
      "('L', 'P', 'S')\n",
      "('P', 'I', 'L')\n",
      "T2F.nii.gz\n",
      "('P', 'I', 'L')\n",
      "[[-0.03685952  0.05009176  0.99806423]\n",
      " [ 0.99015951 -0.13309322  0.04324731]\n",
      " [-0.13500191 -0.98983686  0.04469308]]\n",
      "('P', 'S', 'L')\n",
      "[[-0.03685952 -0.05009174  0.99806422]\n",
      " [ 0.99015952  0.13309316  0.04324739]\n",
      " [-0.13500184  0.98983687  0.04469306]]\n",
      "('L', 'P', 'S')\n",
      "('L', 'P', 'S')\n",
      "('L', 'P', 'S')\n",
      "('L', 'P', 'S')\n",
      "('L', 'P', 'S')\n",
      "('L', 'P', 'S')\n",
      "('L', 'P', 'S')\n",
      "('L', 'P', 'S')\n",
      "('L', 'P', 'S')\n",
      "('L', 'P', 'S')\n",
      "('L', 'P', 'S')\n",
      "('L', 'P', 'S')\n",
      "('L', 'P', 'S')\n",
      "('L', 'P', 'S')\n",
      "('L', 'P', 'S')\n",
      "('L', 'P', 'S')\n",
      "('L', 'P', 'S')\n",
      "('L', 'P', 'S')\n",
      "('L', 'P', 'S')\n",
      "('L', 'P', 'S')\n",
      "('L', 'P', 'S')\n",
      "('L', 'P', 'S')\n",
      "('L', 'P', 'S')\n",
      "('L', 'P', 'S')\n",
      "('L', 'P', 'S')\n",
      "('L', 'P', 'S')\n",
      "('L', 'P', 'S')\n",
      "('L', 'P', 'S')\n",
      "('L', 'P', 'S')\n",
      "('L', 'P', 'S')\n",
      "('L', 'P', 'S')\n",
      "('L', 'P', 'S')\n",
      "('L', 'P', 'S')\n",
      "('L', 'P', 'S')\n",
      "('L', 'P', 'S')\n",
      "('L', 'P', 'S')\n",
      "('L', 'I', 'P')\n",
      "T1.nii.gz\n",
      "('L', 'I', 'P')\n",
      "[[ 0.99836562 -0.01773898  0.05432692]\n",
      " [-0.05599509 -0.11351215  0.99195743]\n",
      " [-0.01142955 -0.99337824 -0.11431993]]\n",
      "('L', 'S', 'P')\n",
      "[[ 0.99836562  0.01773898  0.05432692]\n",
      " [-0.05599509  0.11351215  0.99195743]\n",
      " [-0.01142955  0.99337824 -0.11431993]]\n",
      "('L', 'P', 'S')\n",
      "('L', 'P', 'S')\n",
      "('L', 'P', 'S')\n",
      "('L', 'P', 'S')\n",
      "('L', 'P', 'S')\n",
      "('L', 'P', 'S')\n",
      "('L', 'P', 'S')\n",
      "('L', 'P', 'S')\n",
      "('L', 'P', 'S')\n",
      "('L', 'P', 'S')\n",
      "('L', 'P', 'S')\n",
      "('L', 'P', 'S')\n",
      "('L', 'P', 'S')\n",
      "('L', 'P', 'S')\n",
      "('L', 'P', 'S')\n",
      "('L', 'P', 'S')\n",
      "('L', 'P', 'S')\n",
      "('L', 'P', 'S')\n",
      "('L', 'P', 'S')\n",
      "('L', 'P', 'S')\n",
      "('L', 'P', 'S')\n",
      "('L', 'P', 'S')\n",
      "('L', 'P', 'S')\n",
      "('L', 'P', 'S')\n",
      "('L', 'P', 'S')\n",
      "('L', 'P', 'S')\n",
      "('L', 'P', 'S')\n",
      "('L', 'P', 'S')\n",
      "('L', 'P', 'S')\n",
      "('L', 'P', 'S')\n",
      "('L', 'P', 'S')\n",
      "('L', 'P', 'S')\n",
      "('L', 'P', 'S')\n",
      "('L', 'P', 'S')\n",
      "('L', 'P', 'S')\n",
      "('L', 'P', 'S')\n",
      "('L', 'P', 'S')\n",
      "('L', 'P', 'S')\n",
      "('L', 'P', 'S')\n",
      "('L', 'P', 'S')\n",
      "('L', 'P', 'S')\n",
      "('L', 'P', 'S')\n",
      "('L', 'P', 'S')\n",
      "('L', 'P', 'S')\n",
      "('L', 'P', 'S')\n",
      "('L', 'P', 'S')\n",
      "('L', 'P', 'S')\n",
      "('L', 'P', 'S')\n",
      "('L', 'P', 'S')\n",
      "('L', 'P', 'S')\n",
      "('L', 'P', 'S')\n",
      "('L', 'P', 'S')\n",
      "('L', 'P', 'S')\n",
      "('L', 'I', 'P')\n",
      "T1.nii.gz\n",
      "('L', 'I', 'P')\n",
      "[[ 0.99891655  0.04329753 -0.01706038]\n",
      " [ 0.02475893 -0.18403943  0.98260698]\n",
      " [ 0.03940467 -0.98196477 -0.18491204]]\n",
      "('L', 'S', 'P')\n",
      "[[ 0.99891655 -0.04329753 -0.01706038]\n",
      " [ 0.02475893  0.18403943  0.98260698]\n",
      " [ 0.03940467  0.98196477 -0.18491204]]\n",
      "('L', 'P', 'S')\n",
      "('L', 'P', 'S')\n",
      "('L', 'P', 'S')\n",
      "('L', 'P', 'S')\n",
      "('L', 'P', 'S')\n",
      "('L', 'P', 'S')\n",
      "('L', 'P', 'S')\n",
      "('L', 'P', 'S')\n",
      "('L', 'P', 'S')\n",
      "('L', 'P', 'S')\n",
      "('L', 'P', 'S')\n",
      "('L', 'P', 'S')\n",
      "('L', 'P', 'S')\n",
      "('L', 'P', 'S')\n",
      "('L', 'P', 'S')\n",
      "('L', 'P', 'S')\n",
      "('L', 'P', 'S')\n",
      "('L', 'P', 'S')\n",
      "('L', 'P', 'S')\n",
      "('L', 'P', 'S')\n",
      "('L', 'P', 'S')\n",
      "('P', 'I', 'L')\n",
      "T1.nii.gz\n",
      "('P', 'I', 'L')\n",
      "[[-0.07210896  0.0073558   0.99736964]\n",
      " [ 0.99735111 -0.00903509  0.07217425]\n",
      " [-0.00954222 -0.99993213  0.00668481]]\n",
      "('P', 'S', 'L')\n",
      "[[-0.07210896 -0.00735581  0.99736964]\n",
      " [ 0.99735111  0.00903508  0.07217425]\n",
      " [-0.00954222  0.99993213  0.00668481]]\n",
      "('P', 'I', 'L')\n",
      "T2F.nii.gz\n",
      "('P', 'I', 'L')\n",
      "[[-0.0721089   0.00735577  0.99736957]\n",
      " [ 0.99735112 -0.00903511  0.0721746 ]\n",
      " [-0.00954225 -0.99993213  0.00669093]]\n",
      "('P', 'S', 'L')\n",
      "[[-0.07210899 -0.00735883  0.99736961]\n",
      " [ 0.99735111  0.00903487  0.07217431]\n",
      " [-0.00954222  0.99993211  0.00668784]]\n",
      "('L', 'P', 'S')\n",
      "('L', 'P', 'S')\n",
      "('L', 'P', 'S')\n",
      "('L', 'P', 'S')\n",
      "('P', 'I', 'L')\n",
      "T1.nii.gz\n",
      "('P', 'I', 'L')\n",
      "[[ 0.00268705 -0.02253698  0.9997424 ]\n",
      " [ 0.99190459 -0.12686505 -0.00552588]\n",
      " [-0.12695691 -0.99166393 -0.02201364]]\n",
      "('P', 'S', 'L')\n",
      "[[ 0.00268705  0.02253695  0.9997424 ]\n",
      " [ 0.9919046   0.12686502 -0.00552587]\n",
      " [-0.12695688  0.99166393 -0.02201361]]\n",
      "('P', 'I', 'L')\n",
      "T2F.nii.gz\n",
      "('P', 'I', 'L')\n",
      "[[ 0.00268702 -0.02253698  0.9997424 ]\n",
      " [ 0.99190458 -0.12686513 -0.0055256 ]\n",
      " [-0.12695699 -0.99166392 -0.0220137 ]]\n",
      "('P', 'S', 'L')\n",
      "[[ 0.00268694  0.02253695  0.9997424 ]\n",
      " [ 0.99190458  0.12686515 -0.00552577]\n",
      " [-0.126957    0.99166392 -0.02201362]]\n",
      "('L', 'P', 'S')\n",
      "('L', 'P', 'S')\n",
      "('L', 'P', 'S')\n",
      "('L', 'P', 'S')\n",
      "('L', 'P', 'S')\n",
      "('L', 'P', 'S')\n",
      "('L', 'P', 'S')\n",
      "('L', 'P', 'S')\n",
      "('L', 'P', 'S')\n",
      "('L', 'P', 'S')\n",
      "('L', 'P', 'S')\n",
      "('L', 'P', 'S')\n",
      "('L', 'P', 'S')\n",
      "('L', 'P', 'S')\n",
      "('L', 'P', 'S')\n",
      "('L', 'P', 'S')\n",
      "('L', 'P', 'S')\n",
      "('L', 'P', 'S')\n",
      "('L', 'P', 'S')\n",
      "('P', 'I', 'L')\n",
      "T1.nii.gz\n",
      "('P', 'I', 'L')\n",
      "[[ 0.01959428  0.04012502  0.99900253]\n",
      " [ 0.99713603 -0.07378596 -0.01659405]\n",
      " [-0.07304652 -0.99646656  0.04145589]]\n",
      "('P', 'S', 'L')\n",
      "[[ 0.01959428 -0.040125    0.99900253]\n",
      " [ 0.99713603  0.07378599 -0.01659405]\n",
      " [-0.07304655  0.99646656  0.04145586]]\n",
      "('P', 'I', 'L')\n",
      "T2F.nii.gz\n",
      "('P', 'I', 'L')\n",
      "[[ 0.01959423  0.040125    0.99900249]\n",
