{
 "cells": [
  {
   "cell_type": "markdown",
   "metadata": {},
   "source": [
    "brain image shape and mask shape"
   ]
  },
  {
   "cell_type": "code",
   "execution_count": 2,
   "metadata": {},
   "outputs": [],
   "source": [
    "import os\n",
    "import shutil\n",
    "import nibabel as nib\n",
    "import numpy as np\n",
    "from glob import glob\n",
    "import SimpleITK as sitk"
   ]
  },
  {
   "cell_type": "code",
   "execution_count": 3,
   "metadata": {},
   "outputs": [],
   "source": [
    "raw_flair = glob('/media/sc-mlsg/DATA2/Perfusion_study_radiomics/**/*FLAIR*')\n",
    "raw_mask = glob('/media/sc-mlsg/DATA2/Perfusion_study_radiomics/**/*mask*')\n",
    "resampled_flair = glob('/media/sc-mlsg/DATA2/Perfusion_study_radiomics_preprocessed/01_Resampled/**/*FLAIR*')\n",
    "resampled_mask = glob('/media/sc-mlsg/DATA2/Perfusion_study_radiomics_preprocessed/00_Tumor_masks_resampled/**/*mask*')\n",
    "\n",
    "registered = glob('/media/sc-mlsg/DATA2/Perfusion_study_radiomics_preprocessed/03_Registered_corrected/**/*FLAIR*')\n",
    "registered_flair = glob('/media/sc-mlsg/DATA2/Perfusion_study_radiomics_preprocessed/03_Registered_corrected/**/*FLAIR*')\n",
    "#registered_mask = glob('/media/sc-mlsg/DATA2/Perfusion_study_radiomics_preprocessed/03_Registered_corrected/**/*mask*')"
   ]
  },
  {
   "cell_type": "markdown",
   "metadata": {},
   "source": [
    "### raw file"
   ]
  },
  {
   "cell_type": "code",
   "execution_count": 26,
   "metadata": {
    "scrolled": true
   },
   "outputs": [
    {
     "name": "stdout",
     "output_type": "stream",
     "text": [
      "2803895_FLAIR.nii.gz\n",
      "[[ 0.99942672  0.01426985 -0.03070198]\n",
      " [-0.00587011  0.96613769  0.25796028]\n",
      " [ 0.03334339 -0.25763216  0.96566758]]\n",
      "[[ 0.99942676 -0.01426965 -0.03070047]\n",
      " [-0.00587031 -0.96613769  0.25796029]\n",
      " [ 0.03334188  0.25763218  0.96566763]]\n",
      "3621229_FLAIR.nii.gz\n",
      "[[ 0.99753852  0.01417    -0.0686739 ]\n",
      " [-0.00432267  0.98993305  0.14147041]\n",
      " [ 0.06998719 -0.14082534  0.9875576 ]]\n",
      "[[ 0.99753843 -0.0141701  -0.06867527]\n",
      " [-0.00432257 -0.98993305  0.1414704 ]\n",
      " [ 0.06998857  0.14082531  0.98755751]]\n",
      "4199579_FLAIR.nii.gz\n",
      "[[ 9.99479984e-01 -3.19197522e-02 -4.57071039e-03]\n",
      " [ 3.22453367e-02  9.89388017e-01  1.41674256e-01]\n",
      " [-1.83981151e-10 -1.41747953e-01  9.89902780e-01]]\n",
      "[[ 9.99480013e-01  3.19206644e-02 -4.55784912e-03]\n",
      " [ 3.22444213e-02 -9.89388017e-01  1.41674443e-01]\n",
      " [-1.28613077e-05  1.41747745e-01  9.89902812e-01]]\n",
      "5096558_FLAIR.nii.gz\n",
      "[[ 0.99869055 -0.05115852  0.        ]\n",
      " [ 0.05115852  0.99869055  0.        ]\n",
      " [ 0.          0.          1.        ]]\n",
      "[[ 0.99869055  0.05115852  0.        ]\n",
      " [ 0.05115852 -0.99869055  0.        ]\n",
      " [ 0.          0.          1.        ]]\n",
      "5792723_FLAIR.nii.gz\n",
      "[[ 0.99965608 -0.01814162  0.01893678]\n",
      " [ 0.02137792  0.98197916 -0.18777624]\n",
      " [-0.01518896  0.1881165   0.98202927]]\n",
      "[[ 0.99965606  0.0181415   0.01893796]\n",
      " [ 0.02137803 -0.98197916 -0.18777626]\n",
      " [-0.01519014 -0.18811652  0.98202924]]\n",
      "6291624_FLAIR.nii.gz\n",
      "[[ 0.99734114 -0.0655846   0.03176952]\n",
      " [ 0.0556204   0.96674106  0.24963592]\n",
      " [-0.04708517 -0.24720515  0.96781848]]\n",
      "[[ 0.99734107  0.06558482  0.0317713 ]\n",
      " [ 0.05562017 -0.96674106  0.24963597]\n",
      " [-0.04708695  0.24720508  0.96781841]]\n",
      "6645678_FLAIR.nii.gz\n",
      "[[ 9.97044018e-01 -6.24866477e-02 -4.47061998e-02]\n",
      " [ 6.24239285e-02  9.98045800e-01 -2.79901469e-03]\n",
      " [ 4.47937375e-02 -2.52992043e-10  9.98996257e-01]]\n",
      "[[ 9.97044015e-01  6.24866518e-02 -4.47062623e-02]\n",
      " [ 6.24239284e-02 -9.98045800e-01 -2.79901248e-03]\n",
      " [ 4.47937995e-02  2.20692025e-09  9.98996254e-01]]\n",
      "6659190_FLAIR.nii.gz\n",
      "[[ 0.9983659  -0.0296092  -0.0488756 ]\n",
      " [ 0.03894524  0.978452    0.20276823]\n",
      " [ 0.04181862 -0.20434035  0.97800625]]\n",
      "[[ 0.99836582  0.02960901 -0.04887743]\n",
      " [ 0.03894543 -0.978452    0.20276819]\n",
      " [ 0.04182046  0.20434038  0.97800616]]\n",
      "6673952_FLAIR.nii.gz\n",
      "[[ 9.98964182e-01 -4.24329958e-03 -4.53051676e-02]\n",
      " [ 1.30407915e-10  9.95642514e-01 -9.32522600e-02]\n",
      " [ 4.55034499e-02  9.31556664e-02  9.94611209e-01]]\n",
      "[[ 9.98964169e-01  4.24331179e-03 -4.53054356e-02]\n",
      " [-1.27772347e-08 -9.95642514e-01 -9.32522588e-02]\n",
      " [ 4.55037147e-02 -9.31556644e-02  9.94611197e-01]]\n",
      "6715199_FLAIR.nii.gz\n",
      "[[ 0.99953105 -0.02569749  0.0166531 ]\n",
      " [ 0.02521686  0.99927694  0.02845526]\n",
      " [-0.01737229 -0.02802197  0.99945634]]\n",
      "[[ 0.99953113  0.02569742  0.016648  ]\n",
      " [ 0.02521694 -0.99927694  0.0284552 ]\n",
      " [-0.01736719  0.02802204  0.99945643]]\n",
      "6830738_FLAIR.nii.gz\n",
      "[[ 0.99955029  0.0037441  -0.02975213]\n",
      " [-0.00844735  0.98715042 -0.15957033]\n",
      " [ 0.02877238  0.15974991  0.98673812]]\n",
      "[[ 0.99955019 -0.00374382 -0.02975564]\n",
      " [-0.00844763 -0.98715042 -0.1595703 ]\n",
      " [ 0.02877589 -0.15974988  0.98673802]]\n",
      "7547026_FLAIR.nii.gz\n",
      "[[ 0.99789123  0.05855248 -0.02801256]\n",
      " [-0.05644649  0.99588947  0.07083761]\n",
      " [ 0.03204513 -0.06910702  0.99709444]]\n",
      "[[ 0.99789126 -0.05855244 -0.02801138]\n",
      " [-0.05644653 -0.99588947  0.07083757]\n",
      " [ 0.03204395  0.06910705  0.99709448]]\n",
      "7553272_FLAIR.nii.gz\n",
      "[[ 9.99777596e-01  2.41760063e-03 -2.09502743e-02]\n",
      " [-4.33298952e-11  9.93407523e-01  1.14636359e-01]\n",
      " [ 2.10893025e-02 -1.14610853e-01  9.93186584e-01]]\n",
      "[[ 9.99777594e-01 -2.41760686e-03 -2.09503841e-02]\n",
      " [ 6.59952372e-09 -9.93407524e-01  1.14636345e-01]\n",
      " [ 2.10894144e-02  1.14610844e-01  9.93186584e-01]]\n",
      "7644780_FLAIR.nii.gz\n",
      "[[ 0.99561337  0.04833577 -0.08011037]\n",
      " [-0.04423686  0.9976577   0.05217482]\n",
      " [ 0.08244464 -0.04840211  0.99541957]]\n",
      "[[ 0.99561343 -0.04833575 -0.08010968]\n",
      " [-0.04423688 -0.9976577   0.0521748 ]\n",
      " [ 0.08244395  0.04840213  0.99541962]]\n",
      "7707348_FLAIR.nii.gz\n",
      "[[ 0.99968595  0.00941028 -0.02322586]\n",
      " [-0.00745973  0.99654788  0.08268423]\n",
      " [ 0.02392376 -0.08248502  0.99630511]]\n",
      "[[ 0.99968602 -0.00941017 -0.0232231 ]\n",
      " [-0.00745984 -0.99654788  0.08268422]\n",
      " [ 0.023921    0.08248502  0.99630518]]\n",
      "7711873_FLAIR.nii.gz\n",
      "[[ 0.99939342 -0.03078185 -0.01628718]\n",
      " [ 0.02921345  0.99559738 -0.08906422]\n",
      " [ 0.01895704  0.08853439  0.99589271]]\n",
      "[[ 0.99939332  0.03078211 -0.01629291]\n",
      " [ 0.02921319 -0.99559738 -0.0890643 ]\n",
      " [ 0.01896277 -0.08853431  0.99589261]]\n",
      "7716992_FLAIR.nii.gz\n",
      "[[ 0.99561667 -0.04942336  0.0794026 ]\n",
      " [ 0.06213492  0.98406895 -0.16657601]\n",
      " [-0.06990488  0.17077952  0.98282636]]\n",
      "[[ 0.99561671  0.0494234   0.07940215]\n",
      " [ 0.06213489 -0.98406895 -0.16657602]\n",
      " [-0.06990445 -0.1707795   0.9828264 ]]\n",
      "7741219_FLAIR.nii.gz\n",
      "[[ 9.97971825e-01  7.50282040e-03 -6.32134844e-02]\n",
      " [-3.04100145e-10  9.93029879e-01  1.17862897e-01]\n",
      " [ 6.36571873e-02 -1.17623839e-01  9.91015839e-01]]\n",
      "[[ 9.97971925e-01 -7.50272657e-03 -6.32119113e-02]\n",
      " [-9.36198036e-08 -9.93029879e-01  1.17862884e-01]\n",
      " [ 6.36556097e-02  1.17623847e-01  9.91015941e-01]]\n",
      "7767219_FLAIR.nii.gz\n",
      "[[ 9.98634727e-01  5.15943995e-02  8.16698268e-03]\n",
      " [-5.22367846e-02  9.86353954e-01  1.56131966e-01]\n",
      " [-5.21728233e-10 -1.56345437e-01  9.87702440e-01]]\n",
      "[[ 9.98634720e-01 -5.15942583e-02  8.16882924e-03]\n",
      " [-5.22369293e-02 -9.86353951e-01  1.56131937e-01]\n",
      " [-1.84579539e-06  1.56345503e-01  9.87702429e-01]]\n",
      "7777703_FLAIR.nii.gz\n",
      "[[ 0.99985755  0.01687829  0.        ]\n",
      " [-0.01687829  0.99985755  0.        ]\n",
      " [ 0.          0.          1.        ]]\n",
      "[[ 0.99985755 -0.01687829  0.        ]\n",
      " [-0.01687829 -0.99985755  0.        ]\n",
      " [ 0.          0.          1.        ]]\n",
      "7783083_FLAIR.nii.gz\n",
      "[[ 0.99180659 -0.11110347 -0.06305318]\n",
      " [ 0.11415153  0.99235171  0.04698425]\n",
      " [ 0.05735082 -0.0537969   0.99690359]]\n",
      "[[ 0.99180664  0.11110351 -0.06305235]\n",
      " [ 0.11415151 -0.99235171  0.04698429]\n",
      " [ 0.05734999  0.05379686  0.99690365]]\n",
      "7808217_FLAIR.nii.gz\n",
      "[[ 9.98872397e-01 -4.74672524e-02  8.91427376e-04]\n",
      " [ 4.74756210e-02  9.98696301e-01 -1.87553465e-02]\n",
      " [ 2.34731235e-11  1.87765183e-02  9.99823706e-01]]\n",
      "[[ 9.98872496e-01  4.74714403e-02  4.45713414e-04]\n",
      " [ 4.74714398e-02 -9.98696301e-01 -1.87659303e-02]\n",
      " [ 4.45713389e-04 -1.87659305e-02  9.99823805e-01]]\n",
      "7809569_FLAIR.nii.gz\n",
      "[[ 0.99978333 -0.00417161 -0.02039327]\n",
      " [ 0.00774087  0.98396016  0.17822033]\n",
      " [ 0.0193227  -0.17833957  0.98377926]]\n",
      "[[ 0.99978323  0.00417114 -0.02039855]\n",
      " [ 0.00774134 -0.98396016  0.17822033]\n",
      " [ 0.01932798  0.1783396   0.98377915]]\n",
      "7820534_FLAIR.nii.gz\n",
      "[[ 0.98842383  0.134202   -0.07076833]\n",
      " [-0.13453932  0.99090826  0.        ]\n",
      " [ 0.07012492  0.00952112  0.99749278]]\n",
      "[[ 9.88423921e-01 -1.34201984e-01 -7.07670724e-02]\n",
      " [-1.34539301e-01 -9.90908259e-01 -8.59782009e-08]\n",
      " [ 7.01236620e-02 -9.52103737e-03  9.97492868e-01]]\n",
      "7826770_FLAIR.nii.gz\n",
      "[[ 0.99745725  0.07000174 -0.01337115]\n",
      " [-0.06590357  0.97741529  0.20078861]\n",
      " [ 0.02712472 -0.19939685  0.97954333]]\n",
      "[[ 0.99745719 -0.07000203 -0.01337407]\n",
      " [-0.06590327 -0.97741529  0.20078871]\n",
      " [ 0.02712763  0.19939675  0.97954328]]\n",
      "7865431_FLAIR.nii.gz\n",
      "[[ 0.99916877  0.03793764 -0.01491669]\n",
      " [-0.0391454   0.99504595 -0.09138489]\n",
      " [ 0.01137586  0.09189284  0.99570392]]\n",
      "[[ 0.99916888 -0.03793804 -0.01490796]\n",
      " [-0.03914499 -0.99504595 -0.09138504]\n",
      " [ 0.01136714 -0.09189267  0.99570404]]\n",
      "7871704_FLAIR.nii.gz\n",
      "[[ 0.99617696 -0.08735829  0.        ]\n",
      " [ 0.08735829  0.99617696  0.        ]\n",
      " [ 0.          0.          1.        ]]\n",
      "[[ 0.99617696  0.08735829  0.        ]\n",
      " [ 0.08735829 -0.99617696  0.        ]\n",
      " [ 0.          0.          1.        ]]\n",
      "7892450_FLAIR.nii.gz\n",
      "[[ 9.99093678e-01 -6.60145954e-03  4.20504802e-02]\n",
      " [ 3.99106468e-10  9.87900439e-01  1.55089410e-01]\n",
      " [-4.25655055e-02 -1.54948839e-01  9.87005082e-01]]\n",
      "[[ 9.99093566e-01  6.60166531e-03  4.20531248e-02]\n",
      " [-2.05717358e-07 -9.87900440e-01  1.55089401e-01]\n",
      " [-4.25681489e-02  1.54948823e-01  9.87004971e-01]]\n",
      "7898233_FLAIR.nii.gz\n",
      "[[ 0.99678628 -0.07983277  0.00662121]\n",
      " [ 0.07786921  0.98502666  0.15381438]\n",
      " [-0.0188015  -0.15280448  0.98807758]]\n",
      "[[ 0.99678615  0.07983356  0.00663163]\n",
      " [ 0.0778684  -0.98502666  0.15381479]\n",
      " [-0.01881191  0.15280405  0.98807744]]\n",
      "7921035_FLAIR.nii.gz\n",
      "[[ 0.99812404  0.01614249 -0.05905778]\n",
      " [-0.01955575  0.99814349 -0.0576815 ]\n",
      " [ 0.05801701  0.05872821  0.99658669]]\n",
      "[[ 0.99812392 -0.01614243 -0.05905979]\n",
      " [-0.01955581 -0.99814348 -0.05768148]\n",
      " [ 0.05801903 -0.05872823  0.99658657]]\n"
     ]
    },
    {
     "name": "stdout",
     "output_type": "stream",
     "text": [
      "7922825_FLAIR.nii.gz\n",
      "[[ 9.99887129e-01  1.49908518e-02  1.00211811e-03]\n",
      " [-1.50243092e-02  9.97660472e-01  6.66922196e-02]\n",
      " [ 1.44848381e-11 -6.66997523e-02  9.97773092e-01]]\n",
      "[[ 9.99887254e-01 -1.50075816e-02  5.01058849e-04]\n",
      " [-1.50075815e-02 -9.97660472e-01  6.66959859e-02]\n",
      " [ 5.01058851e-04  6.66959871e-02  9.97773218e-01]]\n",
      "7938576_FLAIR.nii.gz\n",
      "[[ 9.99541743e-01  6.14029612e-03 -2.96411922e-02]\n",
      " [-9.90339685e-11  9.79210343e-01  2.02847483e-01]\n",
      " [ 3.02705030e-02 -2.02754536e-01  9.78761615e-01]]\n",
      "[[ 9.99541765e-01 -6.14022210e-03 -2.96404689e-02]\n",
      " [-7.42506724e-08 -9.79210342e-01  2.02847482e-01]\n",
      " [ 3.02697822e-02  2.02754539e-01  9.78761637e-01]]\n",
      "7947384_FLAIR.nii.gz\n",
      "[[ 0.99722139 -0.06355594 -0.03886058]\n",
      " [ 0.06535163  0.99676281  0.04683025]\n",
      " [ 0.03575844 -0.04923972  0.99814667]]\n",
      "[[ 0.99722136  0.06355592 -0.03886129]\n",
      " [ 0.06535165 -0.99676281  0.04683022]\n",
      " [ 0.03575915  0.04923975  0.99814665]]\n",
      "7968300_FLAIR.nii.gz\n",
      "[[ 0.99168012 -0.12872659  0.        ]\n",
      " [ 0.12872659  0.99168012  0.        ]\n",
      " [ 0.          0.          1.        ]]\n",
      "[[ 0.99168012  0.12872658  0.        ]\n",
      " [ 0.12872658 -0.99168012  0.        ]\n",
      " [ 0.          0.          1.        ]]\n",
      "7971571_FLAIR.nii.gz\n",
      "[[ 0.98399051  0.17755926 -0.0153424 ]\n",
      " [-0.17601307  0.98170152  0.07267411]\n",
      " [ 0.02796562 -0.06881017  0.99723773]]\n",
      "[[ 0.98399048 -0.17755931 -0.01534335]\n",
      " [-0.17601307 -0.98170151  0.07267419]\n",
      " [ 0.02796657  0.06881008  0.99723771]]\n",
      "7973273_FLAIR.nii.gz\n",
      "[[ 0.99959285  0.02841162  0.00263067]\n",
      " [-0.0283825   0.99954185 -0.01051295]\n",
      " [-0.00292815  0.01043401  0.99994128]]\n",
      "[[ 0.99959283 -0.02841165  0.00263639]\n",
      " [-0.02838247 -0.99954185 -0.01051303]\n",
      " [-0.00293388 -0.01043392  0.99994126]]\n",
      "8002014_FLAIR.nii.gz\n",
      "[[ 0.99665838 -0.08020945  0.01544429]\n",
      " [ 0.07760883  0.9888362   0.12719999]\n",
      " [-0.02547452 -0.12557633  0.99175684]]\n",
      "[[ 0.99665844  0.08020926  0.01544143]\n",
      " [ 0.07760901 -0.9888362   0.12719987]\n",
      " [-0.02547166  0.12557643  0.9917569 ]]\n",
      "8011880_FLAIR.nii.gz\n",
      "[[ 9.99424562e-01  1.18164743e-03 -3.38990905e-02]\n",
      " [ 9.74040093e-12  9.99393020e-01  3.48366354e-02]\n",
      " [ 3.39196771e-02 -3.48165881e-02  9.98817932e-01]]\n",
      "[[ 9.99424662e-01 -1.18159599e-03 -3.38961493e-02]\n",
      " [-5.12628970e-08 -9.99393020e-01  3.48366275e-02]\n",
      " [ 3.39167382e-02  3.48165840e-02  9.98818032e-01]]\n",
      "8044835_FLAIR.nii.gz\n",
      "[[ 0.99661145 -0.06667877  0.04816177]\n",
      " [ 0.07395509  0.98269298 -0.16983856]\n",
      " [-0.0360036   0.17282488  0.98429432]]\n",
      "[[ 0.99661155  0.06667897  0.04815942]\n",
      " [ 0.07395488 -0.98269298 -0.16983867]\n",
      " [-0.03600125 -0.1728248   0.98429442]]\n",
      "8051568_FLAIR.nii.gz\n",
      "[[ 0.99903995 -0.00657712 -0.0433119 ]\n",
      " [ 0.01135885  0.99374425  0.11110057]\n",
      " [ 0.04231023 -0.11148587  0.99286492]]\n",
      "[[ 0.99903995  0.00657712 -0.04331178]\n",
      " [ 0.01135885 -0.99374425  0.11110057]\n",
      " [ 0.04231011  0.11148588  0.99286492]]\n",
      "8052811_FLAIR.nii.gz\n",
      "[[ 9.96768554e-01  7.84047006e-02  1.74685871e-02]\n",
      " [-8.03271445e-02  9.72913332e-01  2.16765325e-01]\n",
      " [-6.56910869e-10 -2.17468047e-01  9.76067437e-01]]\n",
      "[[ 9.96768624e-01 -7.84055634e-02  1.74607859e-02]\n",
      " [-8.03262770e-02 -9.72913336e-01  2.16765611e-01]\n",
      " [ 7.79798798e-06  2.17467716e-01  9.76067513e-01]]\n",
      "8072260_FLAIR.nii.gz\n",
      "[[ 9.99988736e-01 -7.87338860e-04 -4.68063195e-03]\n",
      " [ 1.26554333e-03  9.94674400e-01  1.03059385e-01]\n",
      " [ 4.57456274e-03 -1.03064145e-01  9.94664192e-01]]\n",
      "[[ 9.99988775e-01  7.87778574e-04 -4.67212368e-03]\n",
      " [ 1.26510365e-03 -9.94674400e-01  1.03059385e-01]\n",
      " [ 4.56605366e-03  1.03064145e-01  9.94664232e-01]]\n",
      "8074420_FLAIR.nii.gz\n",
      "[[ 0.99803725  0.04296253 -0.04556162]\n",
      " [-0.03690842  0.99130883  0.12627184]\n",
      " [ 0.05059059 -0.1243424   0.99094882]]\n",
      "[[ 0.99803716 -0.04296265 -0.04556354]\n",
      " [-0.0369083  -0.99130883  0.12627187]\n",
      " [ 0.05059251  0.12434234  0.99094873]]\n",
      "8077298_FLAIR.nii.gz\n",
      "[[ 0.99828155 -0.05856195 -0.00210621]\n",
      " [ 0.05843448  0.99751981 -0.03923827]\n",
      " [ 0.00439886  0.03904777  0.99922766]]\n",
      "[[ 0.99828159  0.05856176 -0.00209678]\n",
      " [ 0.05843466 -0.99751981 -0.03923801]\n",
      " [ 0.00438943 -0.03904805  0.99922769]]\n",
      "8083396_FLAIR.nii.gz\n",
      "[[ 0.99933677 -0.03121587 -0.01875084]\n",
      " [ 0.0322084   0.99795588  0.05519672]\n",
      " [ 0.0169895  -0.05576404  0.99829942]]\n",
      "[[ 0.99933669  0.03121573 -0.01875547]\n",
      " [ 0.03220853 -0.99795588  0.05519664]\n",
      " [ 0.01699413  0.05576412  0.99829934]]\n",
      "8089351_FLAIR.nii.gz\n",
      "[[ 0.99784084 -0.05451173 -0.03663504]\n",
      " [ 0.06295345  0.95282952  0.2969053 ]\n",
      " [ 0.01872213 -0.29857055  0.95420392]]\n",
      "[[ 0.99784096  0.05451237 -0.03663085]\n",
      " [ 0.06295281 -0.95282952  0.29690547]\n",
      " [ 0.01871793  0.29857045  0.95420402]]\n",
      "8097929_FLAIR.nii.gz\n",
      "[[ 0.99992129 -0.00980186 -0.00783191]\n",
      " [ 0.00844233  0.98741532 -0.1579231 ]\n",
      " [ 0.00928129  0.15784455  0.98742035]]\n",
      "[[ 0.99992135  0.0098013  -0.00782488]\n",
      " [ 0.00844289 -0.98741533 -0.15792306]\n",
      " [ 0.00927426 -0.15784457  0.98742042]]\n",
      "8101370_FLAIR.nii.gz\n",
      "[[ 9.99556979e-01  2.96496571e-02 -2.59679627e-03]\n",
      " [-2.97631579e-02  9.95745231e-01 -8.72100221e-02]\n",
      " [ 1.50061191e-10  8.72486842e-02  9.96186563e-01]]\n",
      "[[ 9.99556942e-01 -2.96484360e-02 -2.62472547e-03]\n",
      " [-2.97643779e-02 -9.95745230e-01 -8.72096195e-02]\n",
      " [ 2.79290191e-05 -8.72491071e-02  9.96186525e-01]]\n",
      "8125034_FLAIR.nii.gz\n",
      "[[ 9.82444648e-01  1.17635861e-01 -1.44790606e-01]\n",
      " [-1.16378761e-01  9.93056798e-01  1.71516567e-02]\n",
      " [ 1.45802940e-01 -6.68055068e-10  9.89313652e-01]]\n",
      "[[ 9.82444666e-01 -1.17635869e-01 -1.44790490e-01]\n",
      " [-1.16378764e-01 -9.93056797e-01  1.71516490e-02]\n",
      " [ 1.45802817e-01  7.19024078e-09  9.89313669e-01]]\n",
      "8170673_FLAIR.nii.gz\n",
      "[[ 9.99259301e-01 -3.67034822e-02 -1.15630285e-02]\n",
      " [ 3.84818042e-02  9.53081526e-01  3.00257815e-01]\n",
      " [ 1.73553742e-10 -3.00480380e-01  9.53787996e-01]]\n",
      "[[ 9.99259267e-01  3.67025991e-02 -1.15687735e-02]\n",
      " [ 3.84826860e-02 -9.53081529e-01  3.00257676e-01]\n",
      " [ 5.74709989e-06  3.00480481e-01  9.53787970e-01]]\n",
      "8190372_FLAIR.nii.gz\n",
      "[[ 9.99999679e-01  2.05196257e-04 -7.74526960e-04]\n",
      " [-6.59110271e-05  9.84441913e-01  1.75710319e-01]\n",
      " [ 7.98534201e-04 -1.75710209e-01  9.84441610e-01]]\n",
      "[[ 9.99999689e-01 -2.04023893e-04 -7.61289058e-04]\n",
      " [-6.70833770e-05 -9.84441919e-01  1.75710294e-01]\n",
      " [ 7.85293933e-04  1.75710177e-01  9.84441625e-01]]\n",
      "8229739_FLAIR.nii.gz\n",
      "[[ 0.99987199 -0.00999289  0.0124958 ]\n",
      " [ 0.00889954  0.99636809  0.08468429]\n",
      " [-0.01329665 -0.08456224  0.99632948]]\n",
      "[[ 0.99987199  0.00999288  0.01249558]\n",
      " [ 0.00889955 -0.99636809  0.08468428]\n",
      " [-0.01329644  0.08456224  0.99632948]]\n",
      "8235696_FLAIR.nii.gz\n",
      "[[ 9.99935982e-01 -1.13052483e-02  4.73059273e-04]\n",
      " [ 1.13072043e-02  9.99926570e-01 -4.35908034e-03]\n",
      " [-4.23743382e-04  4.36415003e-03  9.99990387e-01]]\n",
      "[[ 9.99935842e-01  1.13047124e-02  7.18541098e-04]\n",
      " [ 1.13077391e-02 -9.99926570e-01 -4.35769177e-03]\n",
      " [-6.69225917e-04 -4.36553753e-03  9.99990247e-01]]\n",
      "8268889_FLAIR.nii.gz\n",
      "[[ 0.99962236  0.         -0.02747964]\n",
      " [ 0.          1.          0.        ]\n",
      " [ 0.02747964  0.          0.99962236]]\n",
      "[[ 0.99962236  0.         -0.02747966]\n",
      " [ 0.         -1.          0.        ]\n",
      " [ 0.02747966  0.          0.99962236]]\n",
      "8367857_FLAIR.nii.gz\n",
      "[[ 9.99622968e-01 -2.61917771e-02 -8.24084796e-03]\n",
      " [ 2.74576204e-02  9.53538756e-01  3.00016563e-01]\n",
      " [ 2.15445838e-10 -3.00129692e-01  9.53898396e-01]]\n",
      "[[ 9.99622869e-01  2.61881717e-02 -8.26432896e-03]\n",
      " [ 2.74612289e-02 -9.53538751e-01  3.00016211e-01]\n",
      " [ 2.34812606e-05  3.00130023e-01  9.53898304e-01]]\n",
      "8450356_FLAIR.nii.gz\n",
      "[[ 0.99964856  0.02113123 -0.01600684]\n",
      " [-0.02032738  0.9986008   0.04881845]\n",
      " [ 0.01701603 -0.04847591  0.9986794 ]]\n",
      "[[ 0.99964859 -0.0211312  -0.01600556]\n",
      " [-0.02032741 -0.9986008   0.04881843]\n",
      " [ 0.01701476  0.04847592  0.99867942]]\n",
      "8481377_FLAIR.nii.gz\n",
      "[[ 0.99403921 -0.02270623 -0.10663243]\n",
      " [ 0.02969343  0.99748215  0.06440231]\n",
      " [ 0.10490161 -0.0671847   0.9922106 ]]\n",
      "[[ 0.99403929  0.02270625 -0.10663173]\n",
      " [ 0.02969341 -0.99748215  0.06440232]\n",
      " [ 0.10490091  0.06718469  0.99221067]]\n",
      "8484226_FLAIR.nii.gz\n",
      "[[ 0.99852343 -0.01137767 -0.0531179 ]\n",
      " [ 0.01285403  0.99953818  0.0275356 ]\n",
      " [ 0.05278008 -0.02817772  0.99820854]]\n",
      "[[ 0.99852341  0.01137767 -0.05311831]\n",
      " [ 0.01285404 -0.99953818  0.0275356 ]\n",
      " [ 0.05278049  0.02817772  0.99820851]]\n",
      "8489830_FLAIR.nii.gz\n",
      "[[ 9.99933373e-01  1.06119851e-02  4.54254544e-03]\n",
      " [-1.15433515e-02  9.19254538e-01  3.93494393e-01]\n",
      " [-8.10036776e-11 -3.93520622e-01  9.19315794e-01]]\n",
      "[[ 9.99933266e-01 -1.06027936e-02  4.58737880e-03]\n",
      " [-1.15525443e-02 -9.19254544e-01  3.93494110e-01]\n",
      " [-4.48317675e-05  3.93520856e-01  9.19315692e-01]]\n"
     ]
    },
    {
     "name": "stdout",
     "output_type": "stream",
     "text": [
      "8491797_FLAIR.nii.gz\n",
      "[[ 9.99653822e-01 -2.62012384e-02  2.39420033e-03]\n",
      " [-2.63102987e-02 -9.95254673e-01  9.36797903e-02]\n",
      " [ 7.16872916e-05  9.37103543e-02  9.95599500e-01]]\n",
      "[[ 9.99653736e-01  2.61978719e-02  2.46588728e-03]\n",
      " [-2.63136671e-02  9.95254673e-01  9.36788414e-02]\n",
      " [-1.23571403e-10 -9.37112934e-02  9.95599414e-01]]\n",
      "8491887_FLAIR.nii.gz\n",
      "[[ 0.99726833 -0.06778977 -0.02933307]\n",
      " [ 0.07198058  0.98102681  0.1800144 ]\n",
      " [ 0.0165734  -0.18163407  0.98322652]]\n",
      "[[ 0.99726831  0.0677897  -0.02933381]\n",
      " [ 0.07198065 -0.98102682  0.18001437]\n",
      " [ 0.01657413  0.18163409  0.9832265 ]]\n",
      "8494094_FLAIR.nii.gz\n",
      "[[ 0.99593014  0.08936939 -0.01167305]\n",
      " [-0.08726625  0.9885605   0.12301518]\n",
      " [ 0.02253331 -0.12149587  0.99233614]]\n",
      "[[ 0.99593023 -0.08936909 -0.01166815]\n",
      " [-0.08726655 -0.9885605   0.12301498]\n",
      " [ 0.0225284   0.12149609  0.99233622]]\n",
      "8513671_FLAIR.nii.gz\n",
      "[[ 9.98839879e-01 -4.09485310e-03 -4.79804851e-02]\n",
      " [-1.16217476e-10  9.96377964e-01 -8.50350136e-02]\n",
      " [ 4.81549103e-02  8.49363578e-02  9.95222045e-01]]\n",
      "[[ 9.98839880e-01  4.09485284e-03 -4.79804766e-02]\n",
      " [ 4.93594242e-10 -9.96377963e-01 -8.50350221e-02]\n",
      " [ 4.81548979e-02 -8.49363660e-02  9.95222045e-01]]\n",
      "8529533_FLAIR.nii.gz\n",
      "[[ 0.99976573 -0.00908103 -0.0196474 ]\n",
      " [ 0.00864338  0.99971515 -0.02224662]\n",
      " [ 0.01984382  0.02207159  0.99955944]]\n",
      "[[ 0.99976566  0.00908107 -0.01965072]\n",
      " [ 0.00864334 -0.99971515 -0.02224664]\n",
      " [ 0.01984715 -0.02207158  0.99955937]]\n",
      "8532530_FLAIR.nii.gz\n",
      "[[ 9.99802460e-01  2.66815367e-03  1.96957300e-02]\n",
      " [-7.29637598e-04  9.95207660e-01 -9.77812884e-02]\n",
      " [-1.98622344e-02  9.77476019e-02  9.95013014e-01]]\n",
      "[[ 9.99802476e-01 -2.66811558e-03  1.96949506e-02]\n",
      " [-7.29675510e-04 -9.95207661e-01 -9.77812850e-02]\n",
      " [-1.98614572e-02 -9.77475937e-02  9.95013030e-01]]\n",
      "8549991_FLAIR.nii.gz\n",
      "[[ 0.99767861 -0.05088301 -0.04525833]\n",
      " [ 0.05573001  0.99200503  0.1132263 ]\n",
      " [ 0.0391352  -0.1154857   0.9925379 ]]\n",
      "[[ 0.99767853  0.0508829  -0.04526025]\n",
      " [ 0.05573011 -0.99200503  0.11322623]\n",
      " [ 0.03913711  0.11548574  0.99253782]]\n",
      "8562189_FLAIR.nii.gz\n",
      "[[ 0.99836885 -0.05656091  0.00777872]\n",
      " [ 0.056678    0.96546132 -0.25430695]\n",
      " [ 0.00687378  0.25433305  0.96709227]]\n",
      "[[ 0.99836895  0.05661945  0.00732625]\n",
      " [ 0.05661945 -0.96546132 -0.25432004]\n",
      " [ 0.00732625 -0.25432003  0.96709237]]\n",
      "8566583_FLAIR.nii.gz\n",
      "[[ 0.99973279 -0.01897966 -0.01319552]\n",
      " [ 0.01644644  0.98514405 -0.17094065]\n",
      " [ 0.01624388  0.17067796  0.98519296]]\n",
      "[[ 0.9997328   0.01897962 -0.01319514]\n",
      " [ 0.01644647 -0.98514405 -0.17094065]\n",
      " [ 0.01624351 -0.17067797  0.98519297]]\n",
      "8588494_FLAIR.nii.gz\n",
      "[[ 9.94716465e-01 -9.00856439e-02 -4.92314248e-02]\n",
      " [ 1.02660385e-01  8.72874855e-01  4.77022395e-01]\n",
      " [ 4.29282037e-09 -4.79556112e-01  8.77511197e-01]]\n",
      "[[ 9.94716352e-01  9.00845563e-02 -4.92356783e-02]\n",
      " [ 1.02661474e-01 -8.72874843e-01  4.77022127e-01]\n",
      " [ 4.25762925e-06  4.79556338e-01  8.77511104e-01]]\n",
      "8595211_FLAIR.nii.gz\n",
      "[[ 9.99342374e-01  2.36612782e-03 -3.61831530e-02]\n",
      " [-1.10224953e-10  9.97868706e-01  6.52537093e-02]\n",
      " [ 3.62604335e-02 -6.52107959e-02  9.97212481e-01]]\n",
      "[[ 9.99342307e-01 -2.36618836e-03 -3.61849983e-02]\n",
      " [ 6.01201678e-08 -9.97868705e-01  6.52537091e-02]\n",
      " [ 3.62622810e-02  6.52107961e-02  9.97212414e-01]]\n",
      "8604413_FLAIR.nii.gz\n",
      "[[ 0.99932814 -0.03571267 -0.00823877]\n",
      " [ 0.03612646  0.99770816  0.05721286]\n",
      " [ 0.00617667 -0.05747206  0.99832801]]\n",
      "[[ 0.99932804  0.03571228 -0.00825262]\n",
      " [ 0.03612686 -0.99770816  0.05721262]\n",
      " [ 0.00619051  0.05747231  0.99832791]]\n",
      "8647046_FLAIR.nii.gz\n",
      "[[ 0.99592398 -0.08236255 -0.03676744]\n",
      " [ 0.08913956  0.96099002  0.26182497]\n",
      " [ 0.01376857 -0.26403519  0.96441476]]\n",
      "[[ 0.99592395  0.0823624  -0.03676859]\n",
      " [ 0.08913972 -0.96099002  0.26182494]\n",
      " [ 0.01376972  0.26403526  0.96441473]]\n",
      "8665561_FLAIR.nii.gz\n",
      "[[ 0.99867056 -0.03496175  0.03787871]\n",
      " [ 0.02948064  0.99017781  0.13667037]\n",
      " [-0.04228489 -0.135372    0.98989212]]\n",
      "[[ 0.99867052  0.03496182  0.0378797 ]\n",
      " [ 0.02948058 -0.99017781  0.1366704 ]\n",
      " [-0.04228588  0.13537199  0.98989208]]\n",
      "8712859_FLAIR.nii.gz\n",
      "[[ 9.99732899e-01 -1.86795215e-02  1.36090624e-02]\n",
      " [ 1.86777922e-02  9.99825523e-01  2.54249567e-04]\n",
      " [-1.36114389e-02  2.34953917e-12  9.99907360e-01]]\n",
      "[[ 9.99732988e-01  1.86795215e-02  1.36024934e-02]\n",
      " [ 1.86777927e-02 -9.99825523e-01  2.54193793e-04]\n",
      " [-1.36048682e-02  6.13799905e-08  9.99907449e-01]]\n",
      "8736560_FLAIR.nii.gz\n",
      "[[ 0.99558721 -0.09382418  0.00177111]\n",
      " [ 0.09353877  0.99069177 -0.09889549]\n",
      " [ 0.00752416  0.09862474  0.99509625]]\n",
      "[[ 0.9955871   0.09382601  0.00173435]\n",
      " [ 0.09353694 -0.99069177 -0.0988972 ]\n",
      " [ 0.00756092 -0.09862301  0.99509614]]\n",
      "8737593_FLAIR.nii.gz\n",
      "[[ 0.99984055 -0.01699876  0.0054698 ]\n",
      " [ 0.0161894   0.9921461   0.1240323 ]\n",
      " [-0.00753524 -0.12392397  0.99226311]]\n",
      "[[ 0.9998406   0.01699823  0.0054613 ]\n",
      " [ 0.01618993 -0.9921461   0.12403223]\n",
      " [-0.00752674  0.12392405  0.99226316]]\n",
      "8739559_FLAIR.nii.gz\n",
      "[[ 0.99772431 -0.04840299 -0.04693993]\n",
      " [ 0.05150693  0.99639962  0.06734119]\n",
      " [ 0.04351141 -0.06960568  0.99662521]]\n",
      "[[ 0.99772424  0.04840293 -0.04694149]\n",
      " [ 0.05150697 -0.99639962  0.06734116]\n",
      " [ 0.04351298  0.06960573  0.99662514]]\n",
      "8747465_FLAIR.nii.gz\n",
      "[[ 9.91257889e-01  7.22285406e-02 -1.10412115e-01]\n",
      " [-7.17846069e-02  9.97388108e-01  7.99579298e-03]\n",
      " [ 1.10701252e-01  4.52548753e-10  9.93853728e-01]]\n",
      "[[ 9.91257882e-01 -7.22285323e-02 -1.10412187e-01]\n",
      " [-7.17845981e-02 -9.97388109e-01  7.99579191e-03]\n",
      " [ 1.10701326e-01 -2.82781209e-09  9.93853720e-01]]\n",
      "8784152_FLAIR.nii.gz\n",
      "[[ 0.99355574  0.10920995 -0.0303346 ]\n",
      " [-0.10051093  0.97261922  0.20954572]\n",
      " [ 0.05238849 -0.2051464   0.9773282 ]]\n",
      "[[ 0.9935557  -0.10921004 -0.0303355 ]\n",
      " [-0.10051083 -0.97261922  0.20954578]\n",
      " [ 0.05238939  0.20514636  0.97732816]]\n",
      "8785065_FLAIR.nii.gz\n",
      "[[ 0.99871158 -0.03146062 -0.03981709]\n",
      " [ 0.02700409  0.99379532 -0.10789647]\n",
      " [ 0.04296453  0.10668223  0.99336446]]\n",
      "[[ 0.99871161  0.03146058 -0.03981645]\n",
      " [ 0.02700412 -0.99379532 -0.10789646]\n",
      " [ 0.04296388 -0.10668224  0.99336449]]\n",
      "8795827_FLAIR.nii.gz\n",
      "[[ 0.99525608  0.09702567 -0.00716587]\n",
      " [-0.09302838  0.97063687  0.2218328 ]\n",
      " [ 0.02847893 -0.22011382  0.97505839]]\n",
      "[[ 0.99525596 -0.09702642 -0.0071726 ]\n",
      " [-0.09302762 -0.97063685  0.22183317]\n",
      " [ 0.02848566  0.22011354  0.97505825]]\n",
      "8798832_FLAIR.nii.gz\n",
      "[[ 0.99810277  0.04544471 -0.04154088]\n",
      " [-0.03990842  0.99128303  0.12555983]\n",
      " [ 0.0468848  -0.12366378  0.99121596]]\n",
      "[[ 0.99810289 -0.04544454 -0.0415382 ]\n",
      " [-0.03990859 -0.99128303  0.12555979]\n",
      " [ 0.04688212  0.12366385  0.99121608]]\n",
      "9111662_FLAIR.nii.gz\n",
      "[[ 0.99914864  0.02261927 -0.03450178]\n",
      " [-0.01789641  0.99115092  0.13152786]\n",
      " [ 0.03717153 -0.13079842  0.99071189]]\n",
      "[[ 0.9991487  -0.02261916 -0.03450008]\n",
      " [-0.01789652 -0.99115092  0.13152783]\n",
      " [ 0.03716984  0.13079843  0.99071195]]\n",
      "6776630_FLAIR.nii.gz\n",
      "[[ 0.99718937  0.07399423 -0.01175621]\n",
      " [-0.0734839   0.99652852  0.03912839]\n",
      " [ 0.01461067 -0.03815452  0.99916503]]\n",
      "[[ 0.99718943 -0.07399417 -0.01175184]\n",
      " [-0.073484   -0.99652852  0.03912822]\n",
      " [ 0.0146063   0.03815468  0.99916509]]\n",
      "7816559_FLAIR.nii.gz\n",
      "[[ 9.99466432e-01  2.03678298e-02 -2.55343391e-02]\n",
      " [-2.03611877e-02  9.99792554e-01  5.20174210e-04]\n",
      " [ 2.55396393e-02  2.69730173e-11  9.99673810e-01]]\n",
      "[[ 9.99466489e-01 -2.03678278e-02 -2.55321307e-02]\n",
      " [-2.03611854e-02 -9.99792554e-01  5.20164450e-04]\n",
      " [ 2.55374290e-02  2.25060377e-08  9.99673867e-01]]\n",
      "8224960_FLAIR.nii.gz\n",
      "[[ 9.99658329e-01 -2.53770104e-02 -6.26365092e-03]\n",
      " [ 2.61385895e-02  9.70532031e-01  2.39550317e-01]\n",
      " [ 1.44871476e-10 -2.39632184e-01  9.70863746e-01]]\n",
      "[[ 9.99658403e-01  2.53798548e-02 -6.24025069e-03]\n",
      " [ 2.61357453e-02 -9.70532031e-01  2.39550627e-01]\n",
      " [-2.33964590e-05  2.39631886e-01  9.70863820e-01]]\n",
      "8536936_FLAIR.nii.gz\n",
      "[[ 0.99931768  0.02404833 -0.02803302]\n",
      " [-0.02353036  0.99954891  0.01866265]\n",
      " [ 0.02846918 -0.01799029  0.99943277]]\n",
      "[[ 0.99931765 -0.02404833 -0.02803403]\n",
      " [-0.02353035 -0.99954891  0.01866266]\n",
      " [ 0.02847019  0.01799028  0.99943274]]\n"
     ]
    }
   ],
   "source": [
    "raw_flair = glob('/media/sc-mlsg/DATA2/Perfusion_study_radiomics/**/*FLAIR*')\n",
    "raw_mask = glob('/media/sc-mlsg/DATA2/Perfusion_study_radiomics/**/*mask*')\n",
    "\n",
    "raw_pt = []\n",
    "for f, m in zip(raw_flair, raw_mask):\n",
    "    sitk_img = sitk.ReadImage(f)\n",
    "    sitk_mask = sitk.ReadImage(m)\n",
    "    img_d = np.array(sitk_img.GetDirection()).reshape(3,3)\n",
    "    mask_d = np.array(sitk_mask.GetDirection()).reshape(3,3)\n",
    "    if img_d[1,1] * mask_d[1,1] < 0:\n",
    "        print(f.split(os.path.sep)[-1])\n",
    "        print(img_d)\n",
    "        print(mask_d)\n",
    "        raw_pt.append(f.split(os.path.sep)[-1].split(\"_\")[0])"
   ]
  },
  {
   "cell_type": "code",
   "execution_count": 27,
   "metadata": {
    "scrolled": true
   },
   "outputs": [
    {
     "data": {
      "text/plain": [
       "['2803895',\n",
       " '3621229',\n",
       " '4199579',\n",
       " '5096558',\n",
       " '5792723',\n",
       " '6291624',\n",
       " '6645678',\n",
       " '6659190',\n",
       " '6673952',\n",
       " '6715199',\n",
       " '6776630',\n",
       " '6830738',\n",
       " '7547026',\n",
       " '7553272',\n",
       " '7644780',\n",
       " '7707348',\n",
       " '7711873',\n",
       " '7716992',\n",
       " '7741219',\n",
       " '7767219',\n",
       " '7777703',\n",
       " '7783083',\n",
       " '7808217',\n",
       " '7809569',\n",
       " '7816559',\n",
       " '7820534',\n",
       " '7826770',\n",
       " '7865431',\n",
       " '7871704',\n",
       " '7892450',\n",
       " '7898233',\n",
       " '7921035',\n",
       " '7922825',\n",
       " '7938576',\n",
       " '7947384',\n",
       " '7968300',\n",
       " '7971571',\n",
       " '7973273',\n",
       " '8002014',\n",
       " '8011880',\n",
       " '8044835',\n",
       " '8051568',\n",
       " '8052811',\n",
       " '8072260',\n",
       " '8074420',\n",
       " '8077298',\n",
       " '8083396',\n",
       " '8089351',\n",
       " '8097929',\n",
       " '8101370',\n",
       " '8125034',\n",
       " '8170673',\n",
       " '8190372',\n",
       " '8224960',\n",
       " '8229739',\n",
       " '8235696',\n",
       " '8268889',\n",
       " '8367857',\n",
       " '8450356',\n",
       " '8481377',\n",
       " '8484226',\n",
       " '8489830',\n",
       " '8491797',\n",
       " '8491887',\n",
       " '8494094',\n",
       " '8513671',\n",
       " '8529533',\n",
       " '8532530',\n",
       " '8536936',\n",
       " '8549991',\n",
       " '8562189',\n",
       " '8566583',\n",
       " '8588494',\n",
       " '8595211',\n",
       " '8604413',\n",
       " '8647046',\n",
       " '8665561',\n",
       " '8712859',\n",
       " '8736560',\n",
       " '8737593',\n",
       " '8739559',\n",
       " '8747465',\n",
       " '8784152',\n",
       " '8785065',\n",
       " '8795827',\n",
       " '8798832',\n",
       " '9111662']"
      ]
     },
     "execution_count": 27,
     "metadata": {},
     "output_type": "execute_result"
    }
   ],
   "source": [
    "sorted(raw_pt)"
   ]
  },
  {
   "cell_type": "code",
   "execution_count": 28,
   "metadata": {},
   "outputs": [
    {
     "data": {
      "text/plain": [
       "87"
      ]
     },
     "execution_count": 28,
     "metadata": {},
     "output_type": "execute_result"
    }
   ],
   "source": [
    "len(raw_pt)"
   ]
  },
  {
   "cell_type": "markdown",
   "metadata": {},
   "source": [
    "mask files were flipped from the raw files."
   ]
  },
  {
   "cell_type": "code",
   "execution_count": 15,
   "metadata": {},
   "outputs": [
    {
     "data": {
      "text/plain": [
       "'/media/sc-mlsg/DATA2/Perfusion_study_radiomics/8536936'"
      ]
     },
     "execution_count": 15,
     "metadata": {},
     "output_type": "execute_result"
    }
   ],
   "source": [
    "os.path.dirname(f)"
   ]
  },
  {
   "cell_type": "code",
   "execution_count": 24,
   "metadata": {},
   "outputs": [
    {
     "name": "stdout",
     "output_type": "stream",
     "text": [
      "2803895_FLAIR.nii.gz\n",
      "[[ 0.99942676 -0.01426965 -0.03070047]\n",
      " [-0.00587031 -0.96613769  0.25796029]\n",
      " [ 0.03334188  0.25763218  0.96566763]]\n",
      "/media/sc-mlsg/DATA2/Perfusion_study_radiomics/2803895/2803895_mask_flipped.nii\n",
      "[[ 0.99942676 -0.01426965 -0.03070047]\n",
      " [-0.00587031 -0.96613769  0.25796029]\n",
      " [ 0.03334188  0.25763218  0.96566763]]\n"
     ]
    }
   ],
   "source": [
    "raw_flair = glob('/media/sc-mlsg/DATA2/Perfusion_study_radiomics/**/*FLAIR*')\n",
    "raw_mask = glob('/media/sc-mlsg/DATA2/Perfusion_study_radiomics/**/*mask*')\n",
    "\n",
    "raw_pt = []\n",
    "for f, m in zip(raw_flair[:3], raw_mask[:3]):\n",
    "    sitk_img = sitk.ReadImage(f)\n",
    "    sitk_mask = sitk.ReadImage(m)\n",
    "    img_d = np.array(sitk_img.GetDirection()).reshape(3,3)\n",
    "    mask_d = np.array(sitk_mask.GetDirection()).reshape(3,3)\n",
    "    if img_d[1,1] * mask_d[1,1] < 0:\n",
    "        print(f.split(os.path.sep)[-1])\n",
    "        print(mask_d)\n",
    "        mask = nib.load(m)\n",
    "        mask_data = mask.get_fdata()\n",
    "        \n",
    "        mask_T = np.flip(mask_data, axis=0)\n",
    "        \n",
    "        ni_img = nib.Nifti1Image(mask_T, mask.affine, mask.header)\n",
    "        \n",
    "        outPath = os.path.join(os.path.dirname(m), m.split(os.path.sep)[-1].split('.')[0] + '_flipped.nii')\n",
    "        print(outPath)\n",
    "        nib.save(ni_img, outPath)\n",
    "        \n",
    "        sitk_mask2 = sitk.ReadImage(outPath)\n",
    "        mask_d = np.array(sitk_mask2.GetDirection()).reshape(3,3)\n",
    "        print(mask_d)\n"
   ]
  },
  {
   "cell_type": "markdown",
   "metadata": {},
   "source": [
    "### raw mask vs resampled mask"
   ]
  },
  {
   "cell_type": "code",
   "execution_count": 5,
   "metadata": {},
   "outputs": [
    {
     "name": "stdout",
     "output_type": "stream",
     "text": [
      "2034571_mask.nii\n",
      "[[ 0.99857121  0.03452456 -0.04078725]\n",
      " [-0.03760892  0.99628693 -0.0774463 ]\n",
      " [ 0.03796201  0.07886961  0.99616187]]\n",
      "[[ 0.99857124  0.03452351 -0.04078722]\n",
      " [-0.03760787  0.99628696 -0.07744632]\n",
      " [ 0.03796205  0.07886958  0.99616187]]\n",
      "2803895_mask.nii\n",
      "[[ 0.99942676 -0.01426965 -0.03070047]\n",
      " [-0.00587031 -0.96613769  0.2579603 ]\n",
      " [ 0.03334188  0.25763219  0.96566763]]\n",
      "[[ 0.99942676 -0.01426965 -0.03070047]\n",
      " [-0.00587031 -0.96613769  0.25796029]\n",
      " [ 0.03334188  0.25763218  0.96566763]]\n",
      "2826490_mask.nii\n",
      "[[ 0.99341597  0.08154954  0.08046352]\n",
      " [ 0.08473589 -0.99571594 -0.03700817]\n",
      " [-0.07710081 -0.04358265  0.99607029]]\n",
      "[[ 0.99341597  0.08154954  0.08046352]\n",
      " [ 0.08473589 -0.99571594 -0.03700816]\n",
