{
 "cells": [
  {
   "cell_type": "markdown",
   "metadata": {},
   "source": [
    "Task from Asan."
   ]
  },
  {
   "cell_type": "code",
   "execution_count": 1,
   "metadata": {},
   "outputs": [],
   "source": [
    "import os\n",
    "import shutil\n",
    "import SimpleITK as sitk\n",
    "import nilearn.image\n",
    "import nilearn.plotting\n",
    "import nibabel as nib\n",
    "import numpy as np\n",
    "from glob import glob"
   ]
  },
  {
   "cell_type": "code",
   "execution_count": 2,
   "metadata": {},
   "outputs": [],
   "source": [
    "def make_dirs(path_lst):\n",
    "    for path in path_lst:\n",
    "        if not os.path.exists(path):\n",
    "            os.makedirs(path)\n",
    "        else:\n",
    "            pass\n",
    "\n",
    "# make outputdir and return output path (including filename) by combining outDir, pt, filename\n",
    "def get_outpath(outDir, pt, filename):\n",
    "    outPath = os.path.join(outDir, pt, filename)\n",
    "\n",
    "    make_dirs([os.path.join(outDir, pt)])\n",
    "\n",
    "    if os.path.exists(outPath):\n",
    "        print('{} already exists'.format(filename))\n",
    "        return None\n",
    "    else:\n",
    "        return outPath\n",
    "\n",
    "# find sequence from filename\n",
    "def find_seq(filename):\n",
    "    seq_lst = [\"T1_GD\", \"T1GD\", \"T1CE\", \"T1C\", \"T1\", \"T2\", \"FLAIR\", \"F\", \"FLAIRGD\", \"ADC\", \"BB\", \"WB\"]\n",
    "    seq = None\n",
    "    for i in seq_lst:\n",
    "        if i in filename.upper():\n",
    "            seq = i\n",
    "            return seq\n",
    "    if seq is None:\n",
    "        print(\"No matching sequence\")\n",
    "        return None"
   ]
  },
  {
   "cell_type": "code",
   "execution_count": 8,
   "metadata": {
    "scrolled": true
   },
   "outputs": [
    {
     "name": "stdout",
     "output_type": "stream",
     "text": [
      "1 001_T1C-label_resize.nii\n",
      "('L', 'P', 'I')\n",
      "[[ 0.99931322 -0.0343474   0.01390479]\n",
      " [ 0.0348706   0.99861811 -0.0393182 ]\n",
      " [ 0.0125351  -0.03977606 -0.99912999]]\n",
      "('L', 'P', 'S')\n",
      "[[ 0.99931322 -0.0343474  -0.01390479]\n",
      " [ 0.0348706   0.99861811  0.0393182 ]\n",
      " [ 0.0125351  -0.03977606  0.99912999]]\n",
      "2 001_T1C_registered.nii\n",
      "('L', 'P', 'I')\n",
      "[[ 0.99931322 -0.0343474   0.01390479]\n",
      " [ 0.0348706   0.99861811 -0.0393182 ]\n",
      " [ 0.0125351  -0.03977606 -0.99912999]]\n",
      "('L', 'P', 'S')\n",
      "[[ 0.99931322 -0.0343474  -0.01390479]\n",
      " [ 0.0348706   0.99861811  0.0393182 ]\n",
      " [ 0.0125351  -0.03977606  0.99912999]]\n",
      "3 001_T2_registered.nii\n",
      "('L', 'P', 'I')\n",
      "[[ 0.99931322 -0.0343474   0.01390479]\n",
      " [ 0.0348706   0.99861811 -0.0393182 ]\n",
      " [ 0.0125351  -0.03977606 -0.99912999]]\n",
      "('L', 'P', 'S')\n",
      "[[ 0.99931322 -0.0343474  -0.01390479]\n",
      " [ 0.0348706   0.99861811  0.0393182 ]\n",
      " [ 0.0125351  -0.03977606  0.99912999]]\n",
      "4 002_T1C-label_resize.nii\n",
      "('L', 'P', 'I')\n",
      "[[ 9.99262872e-01  2.31550826e-03 -3.83190655e-02]\n",
      " [-3.88650989e-05  9.98239779e-01  5.93071794e-02]\n",
      " [-3.83889415e-02  5.92619753e-02 -9.97504039e-01]]\n",
      "('L', 'P', 'S')\n",
      "[[ 9.99262872e-01  2.31532083e-03  3.83190730e-02]\n",
      " [-3.86775174e-05  9.98239779e-01 -5.93071793e-02]\n",
      " [-3.83889378e-02  5.92619828e-02  9.97504039e-01]]\n",
      "5 002_T1C_registered.nii\n",
      "('L', 'P', 'I')\n",
      "[[ 9.99262872e-01  2.31557438e-03 -3.83190693e-02]\n",
      " [-3.89312519e-05  9.98239779e-01  5.93071794e-02]\n",
      " [-3.83889490e-02  5.92619716e-02 -9.97504039e-01]]\n",
      "('L', 'P', 'S')\n",
      "[[ 9.99262872e-01  2.31550826e-03  3.83190655e-02]\n",
      " [-3.88650989e-05  9.98239779e-01 -5.93071794e-02]\n",
      " [-3.83889415e-02  5.92619753e-02  9.97504039e-01]]\n",
      "6 002_T2_registered.nii\n",
      "('L', 'P', 'I')\n",
      "[[ 9.99262872e-01  2.31550826e-03 -3.83190655e-02]\n",
      " [-3.88650989e-05  9.98239779e-01  5.93071794e-02]\n",
      " [-3.83889415e-02  5.92619753e-02 -9.97504039e-01]]\n",
      "('L', 'P', 'S')\n",
      "[[ 9.99262872e-01  2.31532083e-03  3.83190730e-02]\n",
      " [-3.86775174e-05  9.98239779e-01 -5.93071793e-02]\n",
      " [-3.83889378e-02  5.92619828e-02  9.97504039e-01]]\n",
      "7 003_T1C-label_resize.nii\n",
      "('L', 'P', 'I')\n",
      "[[ 1.  0.  0.]\n",
      " [ 0.  1.  0.]\n",
      " [ 0.  0. -1.]]\n",
      "('L', 'P', 'S')\n",
      "[[1. 0. 0.]\n",
      " [0. 1. 0.]\n",
      " [0. 0. 1.]]\n",
      "8 003_T1C_registered.nii\n",
      "('L', 'P', 'I')\n",
      "[[ 1.  0.  0.]\n",
      " [ 0.  1.  0.]\n",
      " [ 0.  0. -1.]]\n",
      "('L', 'P', 'S')\n",
      "[[1. 0. 0.]\n",
      " [0. 1. 0.]\n",
      " [0. 0. 1.]]\n",
      "9 003_T2_registered.nii\n",
      "('L', 'P', 'I')\n",
      "[[ 1.  0.  0.]\n",
      " [ 0.  1.  0.]\n",
      " [ 0.  0. -1.]]\n",
      "('L', 'P', 'S')\n",
      "[[1. 0. 0.]\n",
      " [0. 1. 0.]\n",
      " [0. 0. 1.]]\n",
      "10 006_T1C-label_resize.nii\n",
      "('L', 'P', 'I')\n",
      "[[ 9.99354452e-01 -3.14021380e-02  1.74523552e-02]\n",
      " [ 3.14069195e-02  9.99506681e-01 -7.54346974e-08]\n",
      " [ 1.74437421e-02 -5.48200115e-04 -9.99847696e-01]]\n",
      "('L', 'P', 'S')\n",
      "[[ 9.99354452e-01 -3.14021380e-02 -1.74523552e-02]\n",
      " [ 3.14069195e-02  9.99506681e-01  7.54346974e-08]\n",
      " [ 1.74437421e-02 -5.48200115e-04  9.99847696e-01]]\n",
      "11 006_T1C_registered.nii\n",
      "('L', 'P', 'I')\n",
      "[[ 9.99354452e-01 -3.14021380e-02  1.74523552e-02]\n",
      " [ 3.14069195e-02  9.99506681e-01 -7.54055936e-08]\n",
      " [ 1.74437421e-02 -5.48200115e-04 -9.99847696e-01]]\n",
      "('L', 'P', 'S')\n",
      "[[ 9.99354452e-01 -3.14021380e-02 -1.74523552e-02]\n",
      " [ 3.14069195e-02  9.99506681e-01  7.54346974e-08]\n",
      " [ 1.74437421e-02 -5.48200115e-04  9.99847696e-01]]\n",
      "12 006_T2_registered.nii\n",
      "('L', 'P', 'I')\n",
      "[[ 9.99354452e-01 -3.14021380e-02  1.74523552e-02]\n",
      " [ 3.14069195e-02  9.99506681e-01 -7.54346974e-08]\n",
      " [ 1.74437421e-02 -5.48200115e-04 -9.99847696e-01]]\n",
      "('L', 'P', 'S')\n",
      "[[ 9.99354452e-01 -3.14021380e-02 -1.74523552e-02]\n",
      " [ 3.14069195e-02  9.99506681e-01  7.54346974e-08]\n",
      " [ 1.74437421e-02 -5.48200115e-04  9.99847696e-01]]\n",
      "13 008_T1C-label_resize.nii\n",
      "('L', 'P', 'I')\n",
      "[[ 1.00000000e+00  2.88554334e-11 -1.32242771e-09]\n",
      " [ 2.88554337e-11  9.99048224e-01  4.36193231e-02]\n",
      " [-1.32242772e-09  4.36193231e-02 -9.99048224e-01]]\n",
      "('L', 'P', 'S')\n",
      "[[ 1.00000000e+00  2.88554299e-11  1.32242760e-09]\n",
      " [ 2.88554302e-11  9.99048224e-01 -4.36193231e-02]\n",
      " [-1.32242761e-09  4.36193231e-02  9.99048224e-01]]\n",
      "14 008_T1C_registered.nii\n",
      "('L', 'P', 'I')\n",
      "[[ 1.00000000e+00  2.88554352e-11 -1.32242782e-09]\n",
      " [ 2.88554354e-11  9.99048224e-01  4.36193231e-02]\n",
      " [-1.32242783e-09  4.36193231e-02 -9.99048224e-01]]\n",
      "('L', 'P', 'S')\n",
      "[[ 1.00000000e+00  2.88554334e-11  1.32242771e-09]\n",
      " [ 2.88554337e-11  9.99048224e-01 -4.36193231e-02]\n",
      " [-1.32242772e-09  4.36193231e-02  9.99048224e-01]]\n",
      "15 008_T2_registered.nii\n",
      "('L', 'P', 'I')\n",
      "[[ 1.00000000e+00  2.88554334e-11 -1.32242771e-09]\n",
      " [ 2.88554337e-11  9.99048224e-01  4.36193231e-02]\n",
      " [-1.32242772e-09  4.36193231e-02 -9.99048224e-01]]\n",
      "('L', 'P', 'S')\n",
      "[[ 1.00000000e+00  2.88554299e-11  1.32242760e-09]\n",
      " [ 2.88554302e-11  9.99048224e-01 -4.36193231e-02]\n",
      " [-1.32242761e-09  4.36193231e-02  9.99048224e-01]]\n",
      "19 010_T1C-label_resize.nii\n",
      "('L', 'P', 'I')\n",
      "[[ 1.  0.  0.]\n",
      " [ 0.  1.  0.]\n",
      " [ 0.  0. -1.]]\n",
      "('L', 'P', 'S')\n",
      "[[1. 0. 0.]\n",
      " [0. 1. 0.]\n",
      " [0. 0. 1.]]\n",
      "20 010_T1C_registered.nii\n",
      "('L', 'P', 'I')\n",
      "[[ 1.  0.  0.]\n",
      " [ 0.  1.  0.]\n",
      " [ 0.  0. -1.]]\n",
      "('L', 'P', 'S')\n",
      "[[1. 0. 0.]\n",
      " [0. 1. 0.]\n",
      " [0. 0. 1.]]\n",
      "21 010_T2_registered.nii\n",
      "('L', 'P', 'I')\n",
      "[[ 1.  0.  0.]\n",
      " [ 0.  1.  0.]\n",
      " [ 0.  0. -1.]]\n",
      "('L', 'P', 'S')\n",
      "[[1. 0. 0.]\n",
      " [0. 1. 0.]\n",
      " [0. 0. 1.]]\n",
      "22 011_T1C-label_resize.nii\n",
      "('L', 'P', 'I')\n",
      "[[ 1.  0.  0.]\n",
      " [ 0.  1.  0.]\n",
      " [ 0.  0. -1.]]\n",
      "('L', 'P', 'S')\n",
      "[[1. 0. 0.]\n",
      " [0. 1. 0.]\n",
      " [0. 0. 1.]]\n",
      "23 011_T1C_registered.nii\n",
      "('L', 'P', 'I')\n",
      "[[ 1.  0.  0.]\n",
      " [ 0.  1.  0.]\n",
      " [ 0.  0. -1.]]\n",
      "('L', 'P', 'S')\n",
      "[[1. 0. 0.]\n",
      " [0. 1. 0.]\n",
      " [0. 0. 1.]]\n",
      "24 011_T2_registered.nii\n",
      "('L', 'P', 'I')\n",
      "[[ 1.  0.  0.]\n",
      " [ 0.  1.  0.]\n",
      " [ 0.  0. -1.]]\n",
      "('L', 'P', 'S')\n",
      "[[1. 0. 0.]\n",
      " [0. 1. 0.]\n",
      " [0. 0. 1.]]\n",
      "25 013_T1C-label_resize.nii\n",
      "('L', 'P', 'I')\n",
      "[[ 9.97185091e-01  3.42627970e-03  7.49009700e-02]\n",
      " [-2.50210155e-05  9.98970527e-01 -4.53639217e-02]\n",
      " [ 7.49792889e-02 -4.52343532e-02 -9.96158601e-01]]\n",
      "('L', 'P', 'S')\n",
      "[[ 9.97185091e-01  3.42627970e-03 -7.49009700e-02]\n",
      " [-2.50210155e-05  9.98970527e-01  4.53639217e-02]\n",
      " [ 7.49792889e-02 -4.52343532e-02  9.96158601e-01]]\n",
      "26 013_T1C_registered.nii\n",
      "('L', 'P', 'I')\n",
      "[[ 9.97185091e-01  3.42627970e-03  7.49009700e-02]\n",
      " [-2.50210155e-05  9.98970527e-01 -4.53639217e-02]\n",
      " [ 7.49792889e-02 -4.52343532e-02 -9.96158601e-01]]\n",
      "('L', 'P', 'S')\n",
      "[[ 9.97185091e-01  3.42627970e-03 -7.49009700e-02]\n",
      " [-2.50210155e-05  9.98970527e-01  4.53639217e-02]\n",
      " [ 7.49792889e-02 -4.52343532e-02  9.96158601e-01]]\n",
      "27 013_T2_registered.nii\n",
      "('L', 'P', 'I')\n",
      "[[ 9.97185091e-01  3.42627970e-03  7.49009700e-02]\n",
      " [-2.50210155e-05  9.98970527e-01 -4.53639217e-02]\n",
      " [ 7.49792889e-02 -4.52343532e-02 -9.96158601e-01]]\n",
      "('L', 'P', 'S')\n",
      "[[ 9.97185091e-01  3.42627970e-03 -7.49009700e-02]\n",
      " [-2.50210155e-05  9.98970527e-01  4.53639217e-02]\n",
      " [ 7.49792889e-02 -4.52343532e-02  9.96158601e-01]]\n",
      "28 014_T1C-label_resize.nii\n",
      "('L', 'P', 'I')\n",
      "[[ 1.  0.  0.]\n",
      " [ 0.  1.  0.]\n",
      " [ 0.  0. -1.]]\n",
      "('L', 'P', 'S')\n",
      "[[1. 0. 0.]\n",
      " [0. 1. 0.]\n",
      " [0. 0. 1.]]\n",
      "29 014_T1C_registered.nii\n",
      "('L', 'P', 'I')\n",
      "[[ 1.  0.  0.]\n",
      " [ 0.  1.  0.]\n",
      " [ 0.  0. -1.]]\n",
      "('L', 'P', 'S')\n",
      "[[1. 0. 0.]\n",
      " [0. 1. 0.]\n",
      " [0. 0. 1.]]\n",
      "30 014_T2_registered.nii\n",
      "('L', 'P', 'I')\n",
      "[[ 1.  0.  0.]\n",
      " [ 0.  1.  0.]\n",
      " [ 0.  0. -1.]]\n",
      "('L', 'P', 'S')\n",
      "[[1. 0. 0.]\n",
      " [0. 1. 0.]\n",
      " [0. 0. 1.]]\n",
      "31 017_T1C-label_resize.nii\n",
      "('L', 'P', 'I')\n",
      "[[ 1.  0.  0.]\n",
      " [ 0.  1.  0.]\n",
      " [ 0.  0. -1.]]\n",
      "('L', 'P', 'S')\n",
      "[[1. 0. 0.]\n",
      " [0. 1. 0.]\n",
      " [0. 0. 1.]]\n",
      "32 017_T1C_registered.nii\n",
      "('L', 'P', 'I')\n",
      "[[ 1.  0.  0.]\n",
      " [ 0.  1.  0.]\n",
      " [ 0.  0. -1.]]\n",
      "('L', 'P', 'S')\n",
      "[[1. 0. 0.]\n",
      " [0. 1. 0.]\n",
      " [0. 0. 1.]]\n",
      "33 017_T2_registered.nii\n",
      "('L', 'P', 'I')\n",
      "[[ 1.  0.  0.]\n",
      " [ 0.  1.  0.]\n",
      " [ 0.  0. -1.]]\n",
      "('L', 'P', 'S')\n",
      "[[1. 0. 0.]\n",
      " [0. 1. 0.]\n",
      " [0. 0. 1.]]\n",
      "34 018_T1C-label_resize.nii\n",
      "('L', 'P', 'I')\n",
      "[[ 1.  0.  0.]\n",
      " [ 0.  1.  0.]\n",
      " [ 0.  0. -1.]]\n",
      "('L', 'P', 'S')\n",
      "[[1. 0. 0.]\n",
      " [0. 1. 0.]\n",
      " [0. 0. 1.]]\n",
      "35 018_T1C_registered.nii\n",
      "('L', 'P', 'I')\n",
      "[[ 1.  0.  0.]\n",
      " [ 0.  1.  0.]\n",
      " [ 0.  0. -1.]]\n",
      "('L', 'P', 'S')\n",
      "[[1. 0. 0.]\n",
      " [0. 1. 0.]\n",
      " [0. 0. 1.]]\n",
      "36 018_T2_registered.nii\n",
      "('L', 'P', 'I')\n",
      "[[ 1.  0.  0.]\n",
      " [ 0.  1.  0.]\n",
      " [ 0.  0. -1.]]\n",
      "('L', 'P', 'S')\n",
      "[[1. 0. 0.]\n",
      " [0. 1. 0.]\n",
      " [0. 0. 1.]]\n",
      "37 019_T1C-label_resize.nii\n",
      "('L', 'P', 'I')\n",
      "[[ 1.  0.  0.]\n",
      " [ 0.  1.  0.]\n",
      " [ 0.  0. -1.]]\n",
      "('L', 'P', 'S')\n",
      "[[1. 0. 0.]\n",
      " [0. 1. 0.]\n",
      " [0. 0. 1.]]\n",
      "38 019_T1C_registered.nii\n",
      "('L', 'P', 'I')\n",
      "[[ 1.  0.  0.]\n",
      " [ 0.  1.  0.]\n",
      " [ 0.  0. -1.]]\n",
      "('L', 'P', 'S')\n",
      "[[1. 0. 0.]\n",
      " [0. 1. 0.]\n",
      " [0. 0. 1.]]\n",
      "39 019_T2_registered.nii\n",
      "('L', 'P', 'I')\n",
      "[[ 1.  0.  0.]\n",
      " [ 0.  1.  0.]\n",
      " [ 0.  0. -1.]]\n",
      "('L', 'P', 'S')\n",
      "[[1. 0. 0.]\n",
      " [0. 1. 0.]\n",
      " [0. 0. 1.]]\n",
      "40 020_T1C-label_resize.nii\n",
      "('L', 'P', 'I')\n"
     ]
    },
    {
     "name": "stdout",
     "output_type": "stream",
     "text": [
      "[[ 1.  0.  0.]\n",
      " [ 0.  1.  0.]\n",
      " [ 0.  0. -1.]]\n",
      "('L', 'P', 'S')\n",
      "[[1. 0. 0.]\n",
      " [0. 1. 0.]\n",
      " [0. 0. 1.]]\n",
      "41 020_T1C_registered.nii\n",
      "('L', 'P', 'I')\n",
      "[[ 1.  0.  0.]\n",
      " [ 0.  1.  0.]\n",
      " [ 0.  0. -1.]]\n",
      "('L', 'P', 'S')\n",
      "[[1. 0. 0.]\n",
      " [0. 1. 0.]\n",
      " [0. 0. 1.]]\n",
      "42 020_T2_registered.nii\n",
      "('L', 'P', 'I')\n",
      "[[ 1.  0.  0.]\n",
      " [ 0.  1.  0.]\n",
      " [ 0.  0. -1.]]\n",
      "('L', 'P', 'S')\n",
      "[[1. 0. 0.]\n",
      " [0. 1. 0.]\n",
      " [0. 0. 1.]]\n",
      "43 021_T1C-label_resize.nii\n",
      "('L', 'P', 'I')\n",
      "[[ 1.  0.  0.]\n",
      " [ 0.  1.  0.]\n",
      " [ 0.  0. -1.]]\n",
      "('L', 'P', 'S')\n",
      "[[1. 0. 0.]\n",
      " [0. 1. 0.]\n",
      " [0. 0. 1.]]\n",
      "44 021_T1C_registered.nii\n",
      "('L', 'P', 'I')\n",
      "[[ 1.  0.  0.]\n",
      " [ 0.  1.  0.]\n",
      " [ 0.  0. -1.]]\n",
      "('L', 'P', 'S')\n",
      "[[1. 0. 0.]\n",
      " [0. 1. 0.]\n",
      " [0. 0. 1.]]\n",
      "45 021_T2_registered.nii\n",
      "('L', 'P', 'I')\n",
      "[[ 1.  0.  0.]\n",
      " [ 0.  1.  0.]\n",
      " [ 0.  0. -1.]]\n",
      "('L', 'P', 'S')\n",
      "[[1. 0. 0.]\n",
      " [0. 1. 0.]\n",
      " [0. 0. 1.]]\n",
      "46 022_T1C-label_resize.nii\n",
      "('L', 'P', 'I')\n",
      "[[ 1.  0.  0.]\n",
      " [ 0.  1.  0.]\n",
      " [ 0.  0. -1.]]\n",
      "('L', 'P', 'S')\n",
      "[[1. 0. 0.]\n",
      " [0. 1. 0.]\n",
      " [0. 0. 1.]]\n",
      "47 022_T1C_registered.nii\n",
      "('L', 'P', 'I')\n",
      "[[ 1.  0.  0.]\n",
      " [ 0.  1.  0.]\n",
      " [ 0.  0. -1.]]\n",
      "('L', 'P', 'S')\n",
      "[[1. 0. 0.]\n",
      " [0. 1. 0.]\n",
      " [0. 0. 1.]]\n",
      "48 022_T2_registered.nii\n",
      "('L', 'P', 'I')\n",
      "[[ 1.  0.  0.]\n",
      " [ 0.  1.  0.]\n",
      " [ 0.  0. -1.]]\n",
      "('L', 'P', 'S')\n",
      "[[1. 0. 0.]\n",
      " [0. 1. 0.]\n",
      " [0. 0. 1.]]\n",
      "52 026_T1C-label_resize.nii\n",
      "('L', 'P', 'I')\n",
      "[[ 1.  0.  0.]\n",
      " [ 0.  1.  0.]\n",
      " [ 0.  0. -1.]]\n",
      "('L', 'P', 'S')\n",
      "[[1. 0. 0.]\n",
      " [0. 1. 0.]\n",
      " [0. 0. 1.]]\n",
      "53 026_T1C_registered.nii\n",
      "('L', 'P', 'I')\n",
      "[[ 1.  0.  0.]\n",
      " [ 0.  1.  0.]\n",
      " [ 0.  0. -1.]]\n",
      "('L', 'P', 'S')\n",
      "[[1. 0. 0.]\n",
      " [0. 1. 0.]\n",
      " [0. 0. 1.]]\n",
      "54 026_T2_registered.nii\n",
      "('L', 'P', 'I')\n",
      "[[ 1.  0.  0.]\n",
      " [ 0.  1.  0.]\n",
      " [ 0.  0. -1.]]\n",
      "('L', 'P', 'S')\n",
      "[[1. 0. 0.]\n",
      " [0. 1. 0.]\n",
      " [0. 0. 1.]]\n",
      "58 028_T1C-label_resize.nii\n",
      "('L', 'P', 'I')\n",
      "[[ 1.  0.  0.]\n",
      " [ 0.  1.  0.]\n",
      " [ 0.  0. -1.]]\n",
      "('L', 'P', 'S')\n",
      "[[1. 0. 0.]\n",
      " [0. 1. 0.]\n",
      " [0. 0. 1.]]\n",
      "59 028_T1C_registered.nii\n",
      "('L', 'P', 'I')\n",
      "[[ 1.  0.  0.]\n",
      " [ 0.  1.  0.]\n",
      " [ 0.  0. -1.]]\n",
      "('L', 'P', 'S')\n",
      "[[1. 0. 0.]\n",
      " [0. 1. 0.]\n",
      " [0. 0. 1.]]\n",
      "60 028_T2_registered.nii\n",
      "('L', 'P', 'I')\n",
      "[[ 1.  0.  0.]\n",
      " [ 0.  1.  0.]\n",
      " [ 0.  0. -1.]]\n",
      "('L', 'P', 'S')\n",
      "[[1. 0. 0.]\n",
      " [0. 1. 0.]\n",
      " [0. 0. 1.]]\n",
      "61 029_T1C-label_resize.nii\n",
      "('L', 'P', 'I')\n",
      "[[ 1.  0.  0.]\n",
      " [ 0.  1.  0.]\n",
      " [ 0.  0. -1.]]\n",
      "('L', 'P', 'S')\n",
      "[[1. 0. 0.]\n",
      " [0. 1. 0.]\n",
      " [0. 0. 1.]]\n",
      "62 029_T1C_registered.nii\n",
      "('L', 'P', 'I')\n",
      "[[ 1.  0.  0.]\n",
      " [ 0.  1.  0.]\n",
      " [ 0.  0. -1.]]\n",
      "('L', 'P', 'S')\n",
      "[[1. 0. 0.]\n",
      " [0. 1. 0.]\n",
      " [0. 0. 1.]]\n",
      "63 029_T2_registered.nii\n",
      "('L', 'P', 'I')\n",
      "[[ 1.  0.  0.]\n",
      " [ 0.  1.  0.]\n",
      " [ 0.  0. -1.]]\n",
      "('L', 'P', 'S')\n",
      "[[1. 0. 0.]\n",
      " [0. 1. 0.]\n",
      " [0. 0. 1.]]\n",
      "64 032_T1C-label_resize.nii\n",
      "('L', 'P', 'I')\n",
      "[[ 1.  0.  0.]\n",
      " [ 0.  1.  0.]\n",
      " [ 0.  0. -1.]]\n",
      "('L', 'P', 'S')\n",
      "[[1. 0. 0.]\n",
      " [0. 1. 0.]\n",
      " [0. 0. 1.]]\n",
      "65 032_T1C_registered.nii\n",
      "('L', 'P', 'I')\n",
      "[[ 1.  0.  0.]\n",
      " [ 0.  1.  0.]\n",
      " [ 0.  0. -1.]]\n",
      "('L', 'P', 'S')\n",
      "[[1. 0. 0.]\n",
      " [0. 1. 0.]\n",
      " [0. 0. 1.]]\n",
      "66 032_T2_registered.nii\n",
      "('L', 'P', 'I')\n",
      "[[ 1.  0.  0.]\n",
      " [ 0.  1.  0.]\n",
      " [ 0.  0. -1.]]\n",
      "('L', 'P', 'S')\n",
      "[[1. 0. 0.]\n",
      " [0. 1. 0.]\n",
      " [0. 0. 1.]]\n",
      "70 035_T1C-label_resize.nii\n",
      "('L', 'P', 'I')\n",
      "[[ 1.  0.  0.]\n",
      " [ 0.  1.  0.]\n",
      " [ 0.  0. -1.]]\n",
      "('L', 'P', 'S')\n",
      "[[1. 0. 0.]\n",
      " [0. 1. 0.]\n",
      " [0. 0. 1.]]\n",
      "71 035_T1C_registered.nii\n",
      "('L', 'P', 'I')\n",
      "[[ 1.  0.  0.]\n",
      " [ 0.  1.  0.]\n",
      " [ 0.  0. -1.]]\n",
      "('L', 'P', 'S')\n",
      "[[1. 0. 0.]\n",
      " [0. 1. 0.]\n",
      " [0. 0. 1.]]\n",
      "72 035_T2_registered.nii\n",
      "('L', 'P', 'I')\n",
      "[[ 1.  0.  0.]\n",
      " [ 0.  1.  0.]\n",
      " [ 0.  0. -1.]]\n",
      "('L', 'P', 'S')\n",
      "[[1. 0. 0.]\n",
      " [0. 1. 0.]\n",
      " [0. 0. 1.]]\n",
      "79 039_T1C-label_resize.nii\n",
      "('L', 'P', 'I')\n",
      "[[ 1.  0.  0.]\n",
      " [ 0.  1.  0.]\n",
      " [ 0.  0. -1.]]\n",
      "('L', 'P', 'S')\n",
      "[[1. 0. 0.]\n",
      " [0. 1. 0.]\n",
      " [0. 0. 1.]]\n",
      "80 039_T1C_registered.nii\n",
      "('L', 'P', 'I')\n",
      "[[ 1.  0.  0.]\n",
      " [ 0.  1.  0.]\n",
      " [ 0.  0. -1.]]\n",
      "('L', 'P', 'S')\n",
      "[[1. 0. 0.]\n",
      " [0. 1. 0.]\n",
      " [0. 0. 1.]]\n",
      "81 039_T2_registered.nii\n",
      "('L', 'P', 'I')\n",
      "[[ 1.  0.  0.]\n",
      " [ 0.  1.  0.]\n",
      " [ 0.  0. -1.]]\n",
      "('L', 'P', 'S')\n",
      "[[1. 0. 0.]\n",
      " [0. 1. 0.]\n",
      " [0. 0. 1.]]\n",
      "85 048_T1C-label_resize.nii\n",
      "('L', 'P', 'I')\n",
      "[[ 9.93370433e-01 -2.10781971e-03  1.14937984e-01]\n",
      " [-8.44577533e-05  9.99818236e-01  1.90653653e-02]\n",
      " [ 1.14957275e-01  1.89486755e-02 -9.93189696e-01]]\n",
      "('L', 'P', 'S')\n",
      "[[ 9.93370433e-01 -2.10781971e-03 -1.14937984e-01]\n",
      " [-8.44577533e-05  9.99818236e-01 -1.90653653e-02]\n",
      " [ 1.14957275e-01  1.89486755e-02  9.93189696e-01]]\n",
      "86 048_T1C_registered.nii\n",
      "('L', 'P', 'I')\n",
      "[[ 9.93370433e-01 -2.10781971e-03  1.14937984e-01]\n",
      " [-8.44577533e-05  9.99818236e-01  1.90653653e-02]\n",
      " [ 1.14957275e-01  1.89486755e-02 -9.93189696e-01]]\n",
      "('L', 'P', 'S')\n",
      "[[ 9.93370433e-01 -2.10781971e-03 -1.14937984e-01]\n",
      " [-8.44577533e-05  9.99818236e-01 -1.90653653e-02]\n",
      " [ 1.14957275e-01  1.89486755e-02  9.93189696e-01]]\n",
      "87 048_T2_registered.nii\n",
      "('L', 'P', 'I')\n",
      "[[ 9.93370433e-01 -2.10781971e-03  1.14937984e-01]\n",
      " [-8.44577533e-05  9.99818236e-01  1.90653653e-02]\n",
      " [ 1.14957275e-01  1.89486755e-02 -9.93189696e-01]]\n",
      "('L', 'P', 'S')\n",
      "[[ 9.93370433e-01 -2.10781971e-03 -1.14937984e-01]\n",
      " [-8.44577533e-05  9.99818236e-01 -1.90653653e-02]\n",
      " [ 1.14957275e-01  1.89486755e-02  9.93189696e-01]]\n",
      "88 049_T1C-label_resize.nii\n",
      "('L', 'P', 'I')\n",
      "[[ 1.  0.  0.]\n",
      " [ 0.  1.  0.]\n",
      " [ 0.  0. -1.]]\n",
      "('L', 'P', 'S')\n",
      "[[1. 0. 0.]\n",
      " [0. 1. 0.]\n",
      " [0. 0. 1.]]\n",
      "89 049_T1C_registered.nii\n",
      "('L', 'P', 'I')\n",
      "[[ 1.  0.  0.]\n",
      " [ 0.  1.  0.]\n",
      " [ 0.  0. -1.]]\n",
      "('L', 'P', 'S')\n",
      "[[1. 0. 0.]\n",
      " [0. 1. 0.]\n",
      " [0. 0. 1.]]\n",
      "90 049_T2_registered.nii\n",
      "('L', 'P', 'I')\n",
      "[[ 1.  0.  0.]\n",
      " [ 0.  1.  0.]\n",
      " [ 0.  0. -1.]]\n",
      "('L', 'P', 'S')\n",
      "[[1. 0. 0.]\n",
      " [0. 1. 0.]\n",
      " [0. 0. 1.]]\n",
      "91 050_T1C-label_resize.nii\n",
      "('L', 'P', 'I')\n",
      "[[ 1.  0.  0.]\n",
      " [ 0.  1.  0.]\n",
      " [ 0.  0. -1.]]\n",
      "('L', 'P', 'S')\n",
      "[[1. 0. 0.]\n",
      " [0. 1. 0.]\n",
      " [0. 0. 1.]]\n",
      "92 050_T1C_registered.nii\n",
      "('L', 'P', 'I')\n",
      "[[ 1.  0.  0.]\n",
      " [ 0.  1.  0.]\n",
      " [ 0.  0. -1.]]\n",
      "('L', 'P', 'S')\n",
      "[[1. 0. 0.]\n",
      " [0. 1. 0.]\n",
      " [0. 0. 1.]]\n",
      "93 050_T2_registered.nii\n",
      "('L', 'P', 'I')\n",
      "[[ 1.  0.  0.]\n",
      " [ 0.  1.  0.]\n",
      " [ 0.  0. -1.]]\n",
      "('L', 'P', 'S')\n",
      "[[1. 0. 0.]\n",
      " [0. 1. 0.]\n",
      " [0. 0. 1.]]\n",
      "94 054_T1C-label_resize.nii\n",
      "('L', 'P', 'I')\n",
      "[[ 1.  0.  0.]\n",
      " [ 0.  1.  0.]\n",
      " [ 0.  0. -1.]]\n",
      "('L', 'P', 'S')\n",
      "[[1. 0. 0.]\n",
      " [0. 1. 0.]\n",
      " [0. 0. 1.]]\n",
      "95 054_T1C_registered.nii\n",
      "('L', 'P', 'I')\n",
      "[[ 1.  0.  0.]\n",
      " [ 0.  1.  0.]\n",
      " [ 0.  0. -1.]]\n",
      "('L', 'P', 'S')\n",
      "[[1. 0. 0.]\n",
      " [0. 1. 0.]\n",
      " [0. 0. 1.]]\n",
      "96 054_T2_registered.nii\n",
      "('L', 'P', 'I')\n",
      "[[ 1.  0.  0.]\n",
      " [ 0.  1.  0.]\n",
      " [ 0.  0. -1.]]\n",
      "('L', 'P', 'S')\n",
      "[[1. 0. 0.]\n",
      " [0. 1. 0.]\n",
      " [0. 0. 1.]]\n",
      "97 055_T1C-label_resize.nii\n",
      "('L', 'P', 'I')\n",
      "[[ 9.99450673e-01 -4.05037211e-04 -3.31389278e-02]\n",
      " [-4.05037218e-04  9.99701353e-01 -2.44344366e-02]\n",
      " [-3.31389267e-02 -2.44344354e-02 -9.99152025e-01]]\n",
      "('L', 'P', 'S')\n",
      "[[ 9.99450673e-01 -4.05037211e-04  3.31389278e-02]\n",
      " [-4.05037218e-04  9.99701353e-01  2.44344366e-02]\n",
      " [-3.31389267e-02 -2.44344354e-02  9.99152025e-01]]\n",
      "98 055_T1C_registered.nii\n",
      "('L', 'P', 'I')\n",
      "[[ 9.99450673e-01 -4.05037211e-04 -3.31389278e-02]\n",
      " [-4.05037218e-04  9.99701353e-01 -2.44344366e-02]\n",
      " [-3.31389267e-02 -2.44344354e-02 -9.99152025e-01]]\n",
      "('L', 'P', 'S')\n",
      "[[ 9.99450673e-01 -4.05037211e-04  3.31389278e-02]\n",
      " [-4.05037218e-04  9.99701353e-01  2.44344366e-02]\n",
      " [-3.31389267e-02 -2.44344354e-02  9.99152025e-01]]\n",
      "99 055_T2_registered.nii\n",
      "('L', 'P', 'I')\n",
      "[[ 9.99450673e-01 -4.05037211e-04 -3.31389278e-02]\n",
      " [-4.05037218e-04  9.99701353e-01 -2.44344366e-02]\n",
      " [-3.31389267e-02 -2.44344354e-02 -9.99152025e-01]]\n",
      "('L', 'P', 'S')\n",
      "[[ 9.99450673e-01 -4.05037211e-04  3.31389278e-02]\n",
      " [-4.05037218e-04  9.99701353e-01  2.44344366e-02]\n",
      " [-3.31389267e-02 -2.44344354e-02  9.99152025e-01]]\n",
      "100 059_T1C-label_resize.nii\n",
      "('L', 'P', 'I')\n",
      "[[ 9.98536665e-01 -9.47125378e-10 -5.40789152e-02]\n",
      " [-9.47125396e-10  1.00000000e+00 -3.50019042e-08]\n",
      " [-5.40789152e-02 -3.50019036e-08 -9.98536665e-01]]\n",
      "('L', 'P', 'S')\n",
      "[[ 9.98536665e-01 -9.47125378e-10  5.40789152e-02]\n",
      " [-9.47125396e-10  1.00000000e+00  3.50019042e-08]\n",
      " [-5.40789152e-02 -3.50019036e-08  9.98536665e-01]]\n",
      "101 059_T1C_registered.nii\n",
      "('L', 'P', 'I')\n",
      "[[ 9.98536665e-01 -9.47125378e-10 -5.40789115e-02]\n",
      " [-9.47125396e-10  1.00000000e+00 -3.50019043e-08]\n",
      " [-5.40789115e-02 -3.50019036e-08 -9.98536665e-01]]\n",
      "('L', 'P', 'S')\n",
      "[[ 9.98536665e-01 -9.47125378e-10  5.40789152e-02]\n",
      " [-9.47125396e-10  1.00000000e+00  3.50019042e-08]\n",
      " [-5.40789152e-02 -3.50019036e-08  9.98536665e-01]]\n",
      "102 059_T2_registered.nii\n",
      "('L', 'P', 'I')\n",
      "[[ 9.98536665e-01 -9.47125378e-10 -5.40789115e-02]\n",
      " [-9.47125396e-10  1.00000000e+00 -3.50019043e-08]\n",
      " [-5.40789115e-02 -3.50019036e-08 -9.98536665e-01]]\n",
      "('L', 'P', 'S')\n",
      "[[ 9.98536665e-01 -9.47125378e-10  5.40789152e-02]\n",
      " [-9.47125396e-10  1.00000000e+00  3.50019042e-08]\n",
      " [-5.40789152e-02 -3.50019036e-08  9.98536665e-01]]\n",
      "106 061_T1C-label_resize.nii\n",
      "('L', 'P', 'I')\n"
     ]
    },
    {
     "name": "stdout",
     "output_type": "stream",
     "text": [
      "[[ 1.  0.  0.]\n",
      " [ 0.  1.  0.]\n",
      " [ 0.  0. -1.]]\n",
      "('L', 'P', 'S')\n",
      "[[1. 0. 0.]\n",
      " [0. 1. 0.]\n",
      " [0. 0. 1.]]\n",
      "107 061_T1C_registered.nii\n",
      "('L', 'P', 'I')\n",
      "[[ 1.  0.  0.]\n",
      " [ 0.  1.  0.]\n",
      " [ 0.  0. -1.]]\n",
      "('L', 'P', 'S')\n",
      "[[1. 0. 0.]\n",
      " [0. 1. 0.]\n",
      " [0. 0. 1.]]\n",
      "108 061_T2_registered.nii\n",
      "('L', 'P', 'I')\n",
      "[[ 1.  0.  0.]\n",
      " [ 0.  1.  0.]\n",
      " [ 0.  0. -1.]]\n",
      "('L', 'P', 'S')\n",
      "[[1. 0. 0.]\n",
      " [0. 1. 0.]\n",
      " [0. 0. 1.]]\n",
      "109 064_T1C-label_resize.nii\n",
      "('L', 'P', 'I')\n",
      "[[ 9.99657417e-01 -1.57395580e-03  2.61260622e-02]\n",
      " [-1.15298247e-04  9.97915714e-01  6.45307296e-02]\n",
      " [ 2.61731787e-02  6.45116362e-02 -9.97573663e-01]]\n",
      "('L', 'P', 'S')\n",
      "[[ 9.99657417e-01 -1.57395580e-03 -2.61260622e-02]\n",
      " [-1.15298247e-04  9.97915714e-01 -6.45307296e-02]\n",
      " [ 2.61731787e-02  6.45116362e-02  9.97573663e-01]]\n",
      "110 064_T1C_registered.nii\n",
      "('L', 'P', 'I')\n",
      "[[ 9.99657417e-01 -1.57395580e-03  2.61260622e-02]\n",
      " [-1.15298247e-04  9.97915714e-01  6.45307296e-02]\n",
      " [ 2.61731787e-02  6.45116362e-02 -9.97573663e-01]]\n",
      "('L', 'P', 'S')\n",
      "[[ 9.99657417e-01 -1.57395580e-03 -2.61260622e-02]\n",
      " [-1.15298247e-04  9.97915714e-01 -6.45307296e-02]\n",
      " [ 2.61731787e-02  6.45116362e-02  9.97573663e-01]]\n",
      "111 064_T2_registered.nii\n",
      "('L', 'P', 'I')\n",
      "[[ 9.99657417e-01 -1.57395580e-03  2.61260622e-02]\n",
      " [-1.15298247e-04  9.97915714e-01  6.45307296e-02]\n",
      " [ 2.61731787e-02  6.45116362e-02 -9.97573663e-01]]\n",
      "('L', 'P', 'S')\n",
      "[[ 9.99657417e-01 -1.57395580e-03 -2.61260622e-02]\n",
      " [-1.15298247e-04  9.97915714e-01 -6.45307296e-02]\n",
      " [ 2.61731787e-02  6.45116362e-02  9.97573663e-01]]\n",
      "115 075_T1C-label_resize.nii\n",
      "('L', 'P', 'I')\n",
      "[[ 1.  0.  0.]\n",
      " [ 0.  1.  0.]\n",
      " [ 0.  0. -1.]]\n",
      "('L', 'P', 'S')\n",
      "[[1. 0. 0.]\n",
      " [0. 1. 0.]\n",
      " [0. 0. 1.]]\n",
      "116 075_T1C_registered.nii\n",
      "('L', 'P', 'I')\n",
      "[[ 1.  0.  0.]\n",
      " [ 0.  1.  0.]\n",
      " [ 0.  0. -1.]]\n",
      "('L', 'P', 'S')\n",
      "[[1. 0. 0.]\n",
      " [0. 1. 0.]\n",
      " [0. 0. 1.]]\n",
      "117 075_T2_registered.nii\n",
      "('L', 'P', 'I')\n",
      "[[ 1.  0.  0.]\n",
      " [ 0.  1.  0.]\n",
      " [ 0.  0. -1.]]\n",
      "('L', 'P', 'S')\n",
      "[[1. 0. 0.]\n",
      " [0. 1. 0.]\n",
      " [0. 0. 1.]]\n",
      "121 077_T1C-label_resize.nii\n",
      "('L', 'P', 'I')\n",
      "[[ 9.88059004e-01 -1.82992178e-02 -1.52985438e-01]\n",
      " [ 6.97618103e-06  9.92927405e-01 -1.18723079e-01]\n",
      " [-1.54075968e-01 -1.17304337e-01 -9.81070989e-01]]\n",
      "('L', 'P', 'S')\n",
      "[[ 9.88059004e-01 -1.82989701e-02  1.52985467e-01]\n",
      " [ 6.72653609e-06  9.92927407e-01  1.18723064e-01]\n",
      " [-1.54075968e-01 -1.17304359e-01  9.81070987e-01]]\n",
      "122 077_T1C_registered.nii\n",
      "('L', 'P', 'I')\n",
      "[[ 9.88059004e-01 -1.82994665e-02 -1.52985408e-01]\n",
      " [ 7.22581959e-06  9.92927401e-01 -1.18723101e-01]\n",
      " [-1.54075968e-01 -1.17304328e-01 -9.81070991e-01]]\n",
      "('L', 'P', 'S')\n",
      "[[ 9.88059004e-01 -1.82992178e-02  1.52985438e-01]\n",
      " [ 6.97618103e-06  9.92927405e-01  1.18723079e-01]\n",
      " [-1.54075968e-01 -1.17304337e-01  9.81070989e-01]]\n",
      "123 077_T2_registered.nii\n",
      "('L', 'P', 'I')\n",
      "[[ 9.88059004e-01 -1.82992178e-02 -1.52985438e-01]\n",
      " [ 6.97618103e-06  9.92927405e-01 -1.18723079e-01]\n",
      " [-1.54075968e-01 -1.17304337e-01 -9.81070989e-01]]\n",
      "('L', 'P', 'S')\n",
      "[[ 9.88059004e-01 -1.82989701e-02  1.52985467e-01]\n",
      " [ 6.72653609e-06  9.92927407e-01  1.18723064e-01]\n",
      " [-1.54075968e-01 -1.17304359e-01  9.81070987e-01]]\n",
      "124 078_T1C-label_resize.nii\n",
      "('L', 'P', 'I')\n",
      "[[ 1.  0.  0.]\n",
      " [ 0.  1.  0.]\n",
      " [ 0.  0. -1.]]\n",
      "('L', 'P', 'S')\n",
      "[[1. 0. 0.]\n",
      " [0. 1. 0.]\n",
      " [0. 0. 1.]]\n",
      "125 078_T1C_registered.nii\n",
      "('L', 'P', 'I')\n",
      "[[ 1.  0.  0.]\n",
      " [ 0.  1.  0.]\n",
      " [ 0.  0. -1.]]\n",
      "('L', 'P', 'S')\n",
      "[[1. 0. 0.]\n",
      " [0. 1. 0.]\n",
      " [0. 0. 1.]]\n",
      "126 078_T2_registered.nii\n",
      "('L', 'P', 'I')\n",
      "[[ 1.  0.  0.]\n",
      " [ 0.  1.  0.]\n",
      " [ 0.  0. -1.]]\n",
      "('L', 'P', 'S')\n",
      "[[1. 0. 0.]\n",
      " [0. 1. 0.]\n",
      " [0. 0. 1.]]\n",
      "127 079_T1C-label_resize.nii\n",
      "('L', 'P', 'I')\n",
      "[[ 1.  0.  0.]\n",
      " [ 0.  1.  0.]\n",
      " [ 0.  0. -1.]]\n",
      "('L', 'P', 'S')\n",
      "[[1. 0. 0.]\n",
      " [0. 1. 0.]\n",
      " [0. 0. 1.]]\n",
      "128 079_T1C_registered.nii\n",
      "('L', 'P', 'I')\n",
      "[[ 1.  0.  0.]\n",
      " [ 0.  1.  0.]\n",
      " [ 0.  0. -1.]]\n",
      "('L', 'P', 'S')\n",
      "[[1. 0. 0.]\n",
      " [0. 1. 0.]\n",
      " [0. 0. 1.]]\n",
      "129 079_T2_registered.nii\n",
      "('L', 'P', 'I')\n",
      "[[ 1.  0.  0.]\n",
      " [ 0.  1.  0.]\n",
      " [ 0.  0. -1.]]\n",
      "('L', 'P', 'S')\n",
      "[[1. 0. 0.]\n",
      " [0. 1. 0.]\n",
      " [0. 0. 1.]]\n",
      "130 080_T1C-label_resize.nii\n",
      "('L', 'P', 'I')\n",
      "[[ 9.99451630e-01 -5.20348436e-04 -3.31084467e-02]\n",
      " [-5.20348429e-04  9.99506242e-01 -3.14165912e-02]\n",
      " [-3.31084465e-02 -3.14165915e-02 -9.98957871e-01]]\n",
      "('L', 'P', 'S')\n",
      "[[ 9.99451630e-01 -5.20348436e-04  3.31084467e-02]\n",
      " [-5.20348429e-04  9.99506242e-01  3.14165912e-02]\n",
      " [-3.31084465e-02 -3.14165915e-02  9.98957871e-01]]\n",
      "131 080_T1C_registered.nii\n",
      "('L', 'P', 'I')\n",
      "[[ 9.99451630e-01 -5.20348436e-04 -3.31084467e-02]\n",
      " [-5.20348429e-04  9.99506242e-01 -3.14165912e-02]\n",
      " [-3.31084465e-02 -3.14165915e-02 -9.98957871e-01]]\n",
      "('L', 'P', 'S')\n",
      "[[ 9.99451630e-01 -5.20348436e-04  3.31084467e-02]\n",
      " [-5.20348429e-04  9.99506242e-01  3.14165912e-02]\n",
      " [-3.31084465e-02 -3.14165915e-02  9.98957871e-01]]\n",
      "132 080_T2_registered.nii\n",
      "('L', 'P', 'I')\n",
      "[[ 9.99451630e-01 -5.20348436e-04 -3.31084467e-02]\n",
      " [-5.20348429e-04  9.99506242e-01 -3.14165912e-02]\n",
      " [-3.31084465e-02 -3.14165915e-02 -9.98957871e-01]]\n",
      "('L', 'P', 'S')\n",
      "[[ 9.99451630e-01 -5.20348436e-04  3.31084467e-02]\n",
      " [-5.20348429e-04  9.99506242e-01  3.14165912e-02]\n",
      " [-3.31084465e-02 -3.14165915e-02  9.98957871e-01]]\n",
      "133 085_T1C-label_resize.nii\n",
      "('L', 'P', 'I')\n",
      "[[ 9.96917282e-01 -4.95042234e-03  7.83034248e-02]\n",
      " [ 2.39424401e-05  9.98026670e-01  6.27914356e-02]\n",
      " [ 7.84597526e-02  6.25959934e-02 -9.94950154e-01]]\n",
      "('L', 'P', 'S')\n",
      "[[ 9.96917282e-01 -4.95042234e-03 -7.83034248e-02]\n",
      " [ 2.39424401e-05  9.98026670e-01 -6.27914356e-02]\n",
      " [ 7.84597526e-02  6.25959934e-02  9.94950154e-01]]\n",
      "134 085_T1C_registered.nii\n",
      "('L', 'P', 'I')\n",
      "[[ 9.96917282e-01 -4.95000091e-03  7.83034471e-02]\n",
      " [ 2.35198089e-05  9.98026671e-01  6.27914280e-02]\n",
      " [ 7.84597452e-02  6.25960158e-02 -9.94950153e-01]]\n",
      "('L', 'P', 'S')\n",
      "[[ 9.96917282e-01 -4.95042234e-03 -7.83034248e-02]\n",
      " [ 2.39424401e-05  9.98026670e-01 -6.27914356e-02]\n",
      " [ 7.84597526e-02  6.25959934e-02  9.94950154e-01]]\n",
      "135 085_T2_registered.nii\n",
      "('L', 'P', 'I')\n",
      "[[ 9.96917282e-01 -4.95042234e-03  7.83034248e-02]\n",
      " [ 2.39424401e-05  9.98026670e-01  6.27914356e-02]\n",
      " [ 7.84597526e-02  6.25959934e-02 -9.94950154e-01]]\n",
      "('L', 'P', 'S')\n",
      "[[ 9.96917282e-01 -4.95042234e-03 -7.83034248e-02]\n",
      " [ 2.39424401e-05  9.98026670e-01 -6.27914356e-02]\n",
      " [ 7.84597526e-02  6.25959934e-02  9.94950154e-01]]\n",
      "136 088_T1C-label_resize.nii\n",
      "('L', 'P', 'I')\n",
      "[[ 0.99732021 -0.06332161  0.03664375]\n",
      " [ 0.06278192  0.99790382  0.01569677]\n",
      " [ 0.03756089  0.01335414 -0.99920511]]\n",
      "('L', 'P', 'S')\n",
      "[[ 0.99732021 -0.06332161 -0.03664375]\n",
      " [ 0.06278192  0.99790382 -0.01569677]\n",
      " [ 0.03756089  0.01335414  0.99920511]]\n",
      "137 088_T1C_registered.nii\n",
      "('L', 'P', 'I')\n",
      "[[ 0.99732021 -0.06332161  0.03664375]\n",
      " [ 0.06278193  0.99790382  0.01569677]\n",
      " [ 0.03756089  0.01335414 -0.99920511]]\n",
      "('L', 'P', 'S')\n",
      "[[ 0.99732021 -0.06332161 -0.03664375]\n",
      " [ 0.06278192  0.99790382 -0.01569677]\n",
      " [ 0.03756089  0.01335414  0.99920511]]\n",
      "138 088_T2_registered.nii\n",
      "('L', 'P', 'I')\n",
      "[[ 0.99732021 -0.06332161  0.03664375]\n",
      " [ 0.06278192  0.99790382  0.01569677]\n",
      " [ 0.03756089  0.01335414 -0.99920511]]\n",
      "('L', 'P', 'S')\n",
      "[[ 0.99732021 -0.06332161 -0.03664375]\n",
      " [ 0.06278192  0.99790382 -0.01569677]\n",
      " [ 0.03756089  0.01335414  0.99920511]]\n",
      "142 090_T1C-label_resize.nii\n",
      "('L', 'P', 'I')\n",
      "[[ 9.99876630e-01 -4.11170806e-05 -1.57074279e-02]\n",
      " [-4.11170809e-05  9.99986296e-01 -5.23500898e-03]\n",
      " [-1.57074278e-02 -5.23500892e-03 -9.99862926e-01]]\n",
      "('L', 'P', 'S')\n",
      "[[ 9.99876630e-01 -4.11170806e-05  1.57074279e-02]\n",
      " [-4.11170809e-05  9.99986296e-01  5.23500898e-03]\n",
      " [-1.57074278e-02 -5.23500892e-03  9.99862926e-01]]\n",
      "143 090_T1C_registered.nii\n",
      "('L', 'P', 'I')\n",
      "[[ 9.99876630e-01 -4.11170806e-05 -1.57074279e-02]\n",
      " [-4.11170809e-05  9.99986296e-01 -5.23500898e-03]\n",
      " [-1.57074278e-02 -5.23500892e-03 -9.99862926e-01]]\n",
      "('L', 'P', 'S')\n",
      "[[ 9.99876630e-01 -4.11170806e-05  1.57074279e-02]\n",
      " [-4.11170809e-05  9.99986296e-01  5.23500898e-03]\n",
      " [-1.57074278e-02 -5.23500892e-03  9.99862926e-01]]\n",
      "144 090_T2_registered.nii\n",
      "('L', 'P', 'I')\n",
      "[[ 9.99876630e-01 -4.11170806e-05 -1.57074279e-02]\n",
      " [-4.11170809e-05  9.99986296e-01 -5.23500898e-03]\n",
      " [-1.57074278e-02 -5.23500892e-03 -9.99862926e-01]]\n",
      "('L', 'P', 'S')\n",
      "[[ 9.99876630e-01 -4.11170806e-05  1.57074279e-02]\n",
      " [-4.11170809e-05  9.99986296e-01  5.23500898e-03]\n",
      " [-1.57074278e-02 -5.23500892e-03  9.99862926e-01]]\n",
      "145 091_T1C-label_resize.nii\n",
      "('L', 'P', 'I')\n",
      "[[ 1.00000000e+00  4.54323254e-10  1.57718836e-08]\n",
      " [ 4.54323246e-10  9.98341817e-01 -5.75640286e-02]\n",
      " [ 1.57718834e-08 -5.75640286e-02 -9.98341817e-01]]\n"
     ]
    },
    {
     "name": "stdout",
     "output_type": "stream",
     "text": [
      "('L', 'P', 'S')\n",
      "[[ 1.00000000e+00  4.54323254e-10 -1.57718836e-08]\n",
      " [ 4.54323246e-10  9.98341817e-01  5.75640286e-02]\n",
      " [ 1.57718834e-08 -5.75640286e-02  9.98341817e-01]]\n",
      "146 091_T1C_registered.nii\n",
      "('L', 'P', 'I')\n",
      "[[ 1.00000000e+00  4.54323254e-10  1.57718836e-08]\n",
      " [ 4.54323246e-10  9.98341817e-01 -5.75640286e-02]\n",
      " [ 1.57718834e-08 -5.75640286e-02 -9.98341817e-01]]\n",
      "('L', 'P', 'S')\n",
      "[[ 1.00000000e+00  4.54323254e-10 -1.57718836e-08]\n",
      " [ 4.54323246e-10  9.98341817e-01  5.75640286e-02]\n",
      " [ 1.57718834e-08 -5.75640286e-02  9.98341817e-01]]\n",
      "147 091_T2_registered.nii\n",
      "('L', 'P', 'I')\n",
      "[[ 1.00000000e+00  4.54323254e-10  1.57718836e-08]\n",
      " [ 4.54323246e-10  9.98341817e-01 -5.75640286e-02]\n",
      " [ 1.57718834e-08 -5.75640286e-02 -9.98341817e-01]]\n",
      "('L', 'P', 'S')\n",
      "[[ 1.00000000e+00  4.54323254e-10 -1.57718836e-08]\n",
      " [ 4.54323246e-10  9.98341817e-01  5.75640286e-02]\n",
      " [ 1.57718834e-08 -5.75640286e-02  9.98341817e-01]]\n",
      "148 092_T1C-label_resize.nii\n",
      "('L', 'P', 'I')\n",
      "[[ 9.97052715e-01 -6.56283497e-03 -7.64382868e-02]\n",
      " [ 9.72850726e-06  9.96345266e-01 -8.54172722e-02]\n",
      " [-7.67195065e-02 -8.51647766e-02 -9.93408817e-01]]\n",
      "('L', 'P', 'S')\n",
      "[[ 9.97052715e-01 -6.56283497e-03  7.64382868e-02]\n",
      " [ 9.72850726e-06  9.96345266e-01  8.54172722e-02]\n",
      " [-7.67195065e-02 -8.51647766e-02  9.93408817e-01]]\n",
      "149 092_T1C_registered.nii\n",
      "('L', 'P', 'I')\n",
      "[[ 9.97052715e-01 -6.56283497e-03 -7.64382868e-02]\n",
      " [ 9.72850726e-06  9.96345266e-01 -8.54172722e-02]\n",
